q EQ,i EQ,q ME,i ME
0.055212,0.000000,0.055212,0.000000
0.060837,0.000000,0.060837,0.000000
0.066462,0.000000,0.066462,0.000000
0.072087,0.863925,0.072087,-0.291667
0.077712,1.566816,0.077712,0.909743
0.083337,2.044835,0.083337,1.329968
0.088963,2.091913,0.088963,0.694675
0.094588,2.970697,0.094588,1.273214
0.100213,10.587954,0.100213,1.533878
0.105838,321.575653,0.105838,0.939724
0.111463,2974.614258,0.111463,0.948830
0.117088,7355.972168,0.117088,1.658737
0.122713,8906.853516,0.122713,1.351935
0.128338,8637.677734,0.128338,1.987464
0.133963,8444.603516,0.133963,8.739301
0.139589,8362.097656,0.139589,37.573639
0.145214,8289.859375,0.145214,174.973312
0.150839,7982.603516,0.150839,644.899170
0.156464,7482.961426,0.156464,1099.122192
0.162089,7117.467285,0.162089,1091.947510
0.167714,6466.253906,0.167714,1020.100525
0.173339,5538.306641,0.173339,949.259644
0.178964,4462.934082,0.178964,863.949890
0.184589,3281.036621,0.184589,809.656860
0.190214,2121.236328,0.190214,758.980835
0.195840,1393.873047,0.195840,707.890137
0.201465,926.379944,0.201465,645.428406
0.207090,731.232666,0.207090,596.128723
0.212715,762.452026,0.212715,563.613647
0.218340,867.293457,0.218340,533.056641
0.223965,997.540588,0.223965,495.808197
0.229590,1134.815308,0.229590,465.033936
0.235215,1273.067871,0.235215,436.014771
0.240840,1397.786255,0.240840,410.552979
0.246466,1518.106323,0.246466,390.345306
0.252091,1650.446533,0.252091,360.590454
0.257716,1792.662231,0.257716,340.611694
0.263341,1872.938965,0.263341,324.060364
0.268966,2037.088501,0.268966,303.165131
0.274591,2228.328857,0.274591,283.123505
0.280216,2477.673340,0.280216,272.785706
0.285841,2735.722168,0.285841,258.525116
0.291466,3046.205322,0.291466,243.412964
0.297092,3410.269775,0.297092,233.165771
0.302717,3830.848389,0.302717,226.117294
0.308342,4239.118652,0.308342,221.126801
0.313967,4512.198242,0.313967,209.278885
0.319592,4931.837402,0.319592,200.496185
0.325217,5327.878418,0.325217,191.425293
0.330842,5605.985840,0.330842,185.301575
0.336467,5764.779785,0.336467,176.677979
0.342092,5826.277832,0.342092,171.570419
0.347718,5787.209473,0.347718,158.907623
0.353343,5630.401367,0.353343,148.201218
0.358968,5247.963379,0.358968,144.830139
0.364593,4772.208496,0.364593,135.034225
0.370218,4286.916504,0.370218,126.164299
0.375843,3805.618164,0.375843,114.835541
0.381468,3310.099365,0.381468,106.771652
0.387093,2808.293701,0.387093,95.759964
0.392718,2309.007812,0.392718,86.425812
0.398343,1880.987061,0.398343,79.568062
0.403969,1540.067505,0.403969,74.445770
0.409594,1219.249268,0.409594,68.919991
0.415219,953.934326,0.415219,65.157661
0.420844,752.154114,0.420844,62.315411
0.426469,606.201111,0.426469,56.599991
0.432094,482.044220,0.432094,55.270443
0.437719,379.129395,0.437719,55.348141
0.443344,303.585022,0.443344,50.109238
0.448969,243.579620,0.448969,46.888630
0.454595,196.657471,0.454595,46.404442
0.460220,162.371979,0.460220,42.726654
0.465845,145.269470,0.465845,39.715729
0.471470,134.543564,0.471470,39.215416
0.477095,129.470642,0.477095,40.868557
0.482720,144.081009,0.482720,40.328560
0.488345,174.304062,0.488345,38.969349
0.493970,217.911011,0.493970,42.841888
0.499595,270.727081,0.499595,43.395130
0.505221,336.658875,0.505221,40.277340
0.510846,409.239655,0.510846,38.273617
0.516471,478.750488,0.516471,37.945099
0.522096,540.173401,0.522096,38.620377
0.527721,613.036011,0.527721,38.541508
0.533346,673.486877,0.533346,37.602829
0.538971,721.521973,0.538971,37.453178
0.544596,755.083069,0.544596,37.840694
0.550221,780.825745,0.550221,35.211189
0.555846,795.284607,0.555846,34.374004
0.561472,798.078003,0.561472,33.895351
0.567097,782.381592,0.567097,34.183632
0.572722,757.946899,0.572722,34.871281
0.578347,744.415771,0.578347,33.082577
0.583972,726.639771,0.583972,32.863415
0.589597,700.203308,0.589597,33.270252
0.595222,671.219543,0.595222,32.063217
0.600847,645.322632,0.600847,28.801846
0.606472,617.911926,0.606472,31.274523
0.612098,590.969482,0.612098,29.345827
0.617723,552.854675,0.617723,27.782070
0.623348,529.651978,0.623348,28.722868
0.628973,513.778931,0.628973,27.334551
0.634598,495.156799,0.634598,26.959005
0.640223,473.707428,0.640223,26.190491
0.645848,459.234070,0.645848,24.895252
0.651473,442.184265,0.651473,24.218674
0.657098,421.944305,0.657098,24.376827
0.662724,399.304565,0.662724,24.337065
0.668349,369.915283,0.668349,24.301229
0.673974,337.871918,0.673974,23.938854
0.679599,308.815063,0.679599,22.328384
0.685224,274.357300,0.685224,21.481884
0.690849,241.063187,0.690849,20.202679
0.696474,210.627625,0.696474,18.716587
0.702099,179.334061,0.702099,18.785566
0.707724,151.502609,0.707724,18.659550
0.713349,127.574455,0.713349,20.638348
0.718975,104.211464,0.718975,19.953983
0.724600,87.444557,0.724600,20.828249
0.730225,74.951447,0.730225,22.382963
0.735850,65.817055,0.735850,18.617092
0.741475,60.716667,0.741475,18.119347
0.747100,58.684174,0.747100,17.923752
0.752725,57.260971,0.752725,20.131235
0.758350,56.525547,0.758350,23.899527
0.763975,58.865910,0.763975,24.795528
0.769601,62.855991,0.769601,24.254198
0.775226,67.277946,0.775226,20.493893
0.780851,73.582497,0.780851,17.892544
0.786476,80.864426,0.786476,18.057829
0.792101,88.393356,0.792101,17.923450
0.797726,95.749626,0.797726,18.705307
0.803351,105.399742,0.803351,19.093945
0.808976,114.824219,0.808976,18.656366
0.814601,124.480728,0.814601,17.107105
0.820227,134.367111,0.820227,18.709902
0.825852,142.877792,0.825852,16.772257
0.831477,149.451019,0.831477,14.697983
0.837102,158.880112,0.837102,16.079023
0.842727,166.452393,0.842727,17.176859
0.848352,173.989426,0.848352,16.996246
0.853977,176.885788,0.853977,18.050194
0.859602,178.672592,0.859602,15.778007
0.865227,182.065598,0.865227,15.955784
0.870853,180.836624,0.870853,16.496965
0.876478,175.697708,0.876478,15.683522
0.882103,170.556870,0.882103,16.345333
0.887728,165.343384,0.887728,18.834620
0.893353,159.061890,0.893353,18.325029
0.898978,150.423355,0.898978,16.172735
0.904603,141.297897,0.904603,16.289183
0.910228,133.151993,0.910228,15.583488
0.915853,124.621132,0.915853,15.196044
0.921478,115.649918,0.921478,11.936569
0.927104,107.775406,0.927104,12.639672
0.932729,99.041481,0.932729,15.657886
0.938354,90.292122,0.938354,14.711168
0.943979,82.365578,0.943979,11.990903
0.949604,75.558502,0.949604,13.090307
0.955229,69.908211,0.955229,12.564158
0.960854,67.908630,0.960854,12.088320
0.966479,64.773163,0.966479,12.509396
0.972104,62.228443,0.972104,12.497293
0.977730,58.940079,0.977730,13.072983
0.983355,52.680824,0.983355,13.075579
0.988980,49.675934,0.988980,12.566263
0.994605,49.472878,0.994605,11.959370
1.000230,48.489914,1.000230,13.175718
1.005855,45.640835,1.005855,13.127742
1.011480,46.281563,1.011480,12.316288
1.017105,45.217522,1.017105,13.077177
1.022730,45.254620,1.022730,14.328876
1.028356,48.023327,1.028356,12.095476
1.033981,47.414749,1.033981,11.405425
1.039606,46.197350,1.039606,11.046514
1.045231,48.211788,1.045231,10.454724
1.050856,51.074249,1.050856,11.577115
1.056481,53.917294,1.056481,11.541123
1.062106,56.498619,1.062106,11.310027
1.067731,59.079906,1.067731,10.790766
1.073356,59.949345,1.073356,11.406326
1.078981,63.755848,1.078981,12.749411
1.084607,63.234226,1.084607,13.008523
1.090232,64.487274,1.090232,11.325495
1.095857,67.925446,1.095857,12.167889
1.101482,70.155838,1.101482,13.410954
1.107107,69.901726,1.107107,12.726048
1.112732,70.998573,1.112732,13.053026
1.118357,72.863167,1.118357,12.343911
1.123982,72.805305,1.123982,11.898517
1.129607,76.591309,1.129607,14.116683
1.135233,77.396935,1.135233,12.741975
1.140858,76.139763,1.140858,11.179388
1.146483,77.494247,1.146483,10.677259
1.152108,78.361015,1.152108,10.387932
1.157733,80.174736,1.157733,11.746831
1.163358,81.279510,1.163358,12.897688
1.168983,79.862617,1.168983,13.962898
1.174608,78.708900,1.174608,12.965296
1.180233,79.666992,1.180233,11.855346
1.185859,81.059937,1.185859,11.894844
1.191484,79.734566,1.191484,11.974760
1.197109,78.634659,1.197109,11.876491
1.202734,78.389992,1.202734,13.077611
1.208359,78.384193,1.208359,12.266089
1.213984,77.380722,1.213984,12.245254
1.219609,77.078865,1.219609,11.290359
1.225234,73.981491,1.225234,11.323543
1.230859,71.024597,1.230859,12.032192
1.236485,71.155540,1.236485,14.393850
1.242110,68.895119,1.242110,12.907574
1.247735,67.459381,1.247735,12.334547
1.253360,65.844376,1.253360,11.727288
1.258985,65.572464,1.258985,12.510199
1.264610,63.639225,1.264610,13.731489
1.270235,60.634277,1.270235,13.465476
1.275860,59.793808,1.275860,11.826983
1.281485,57.133610,1.281485,10.958876
1.287110,55.843449,1.287110,11.532325
1.292736,53.900513,1.292736,11.068394
1.298361,53.827858,1.298361,11.456778
1.303986,51.185162,1.303986,11.106302
1.309611,48.694435,1.309611,9.641482
1.315236,50.212223,1.315236,10.398695
1.320861,46.656746,1.320861,11.352780
1.326486,43.560982,1.326486,11.049784
1.332111,44.114452,1.332111,10.004236
1.337736,42.956806,1.337736,10.387268
1.343362,42.543415,1.343362,11.273170
1.348987,40.617222,1.348987,10.579235
1.354612,37.689007,1.354612,11.316042
1.360237,35.100891,1.360237,9.992000
1.365862,35.591183,1.365862,9.452924
1.371487,35.187565,1.371487,11.617591
1.377112,32.142647,1.377112,11.279137
1.382737,30.391481,1.382737,12.484445
1.388362,28.259975,1.388362,11.547544
1.393988,26.204121,1.393988,12.766306
1.399613,25.824064,1.399613,12.803147
1.405238,25.496878,1.405238,10.246922
1.410863,23.910038,1.410863,11.285312
1.416488,22.794159,1.416488,11.370286
1.422113,22.545694,1.422113,9.989411
1.427738,22.123446,1.427738,10.030607
1.433363,23.294630,1.433363,8.354886
1.438988,21.337461,1.438988,9.613368
1.444613,20.267984,1.444613,9.272210
1.450239,20.415205,1.450239,9.375551
1.455864,18.858187,1.455864,9.064121
1.461489,18.798573,1.461489,9.066400
1.467114,18.640730,1.467114,9.215652
1.472739,15.305194,1.472739,8.958527
1.478364,15.969262,1.478364,8.640286
1.483989,20.475594,1.483989,9.250387
1.489614,20.920012,1.489614,11.322232
1.495239,19.092934,1.495239,9.245986
1.500865,18.540907,1.500865,7.711112
1.506490,16.964985,1.506490,9.569357
1.512115,16.462538,1.512115,10.209993
1.517740,15.822144,1.517740,9.225190
1.523365,16.287146,1.523365,10.294847
1.528990,17.689156,1.528990,11.786199
1.534615,18.525127,1.534615,10.103868
1.540240,17.609917,1.540240,11.533557
1.545865,18.918337,1.545865,12.329588
1.551491,17.340916,1.551491,12.140630
1.557116,19.082102,1.557116,11.944093
1.562741,20.354233,1.562741,10.778398
1.568366,20.355198,1.568366,9.297345
1.573991,20.816189,1.573991,10.302310
1.579616,17.614408,1.579616,9.166707
1.585241,17.413193,1.585241,8.647779
1.590866,19.470724,1.590866,10.146296
1.596491,21.284588,1.596491,10.993144
1.602117,19.509888,1.602117,10.462925
1.607742,17.184351,1.607742,9.433839
1.613367,20.008373,1.613367,8.272364
1.618992,20.632246,1.618992,7.508872
1.624617,18.279167,1.624617,7.480632
1.630242,19.222935,1.630242,7.151747
1.635867,19.760410,1.635867,6.553036
1.641492,17.427277,1.641492,6.338552
1.647117,17.518951,1.647117,8.165305
1.652742,17.776304,1.652742,8.587973
1.658368,18.411243,1.658368,8.307436
1.663993,16.608114,1.663993,8.938628
1.669618,14.993773,1.669618,10.239182
1.675243,12.989802,1.675243,9.608390
1.680868,14.151196,1.680868,8.248017
1.686493,13.823710,1.686493,8.185741
1.692118,15.148581,1.692118,8.401511
1.697743,15.502359,1.697743,8.704670
1.703368,12.514645,1.703368,9.434182
1.708994,13.327413,1.708994,9.331290
1.714619,8.577968,1.714619,9.330684
1.720244,9.561542,1.720244,8.975748
1.725869,11.330001,1.725869,8.438794
1.731494,9.300949,1.731494,8.720723
1.737119,0.000000,1.737119,10.257750
1.742744,0.000000,1.742744,8.583162
1.748369,0.000000,1.748369,6.926848
1.753994,0.000000,1.753994,6.913193
1.759620,0.000000,1.759620,7.191044
1.765245,0.000000,1.765245,8.313062
1.770870,0.000000,1.770870,9.434063
1.776495,0.000000,1.776495,7.957697
1.782120,0.000000,1.782120,8.171127
1.787745,0.000000,1.787745,7.056450
1.793370,0.000000,1.793370,8.519007
1.798995,0.000000,1.798995,8.377169
1.804620,0.000000,1.804620,7.226290
1.810245,0.000000,1.810245,9.505454
1.815871,0.000000,1.815871,9.790977
1.821496,0.000000,1.821496,8.206816
1.827121,0.000000,1.827121,6.473269
1.832746,0.000000,1.832746,7.533679
1.838371,0.000000,1.838371,8.369125
1.843996,0.000000,1.843996,8.799314
1.849621,0.000000,1.849621,7.940131
1.855246,0.000000,1.855246,7.399008
1.860871,0.000000,1.860871,6.544540
1.866497,0.000000,1.866497,5.270721
1.872122,0.000000,1.872122,6.925292
1.877747,0.000000,1.877747,8.586984
1.883372,0.000000,1.883372,8.722400
1.888997,0.000000,1.888997,7.232010
1.894622,0.000000,1.894622,7.483343
1.900247,0.000000,1.900247,7.837898
1.905872,0.000000,1.905872,7.048820
1.911497,0.000000,1.911497,7.509458
1.917123,0.000000,1.917123,6.582589
1.922748,0.000000,1.922748,5.020427
1.928373,0.000000,1.928373,6.183978
1.933998,0.000000,1.933998,6.322645
1.939623,0.000000,1.939623,6.484611
1.945248,0.000000,1.945248,7.845800
1.950873,0.000000,1.950873,8.302519
1.956498,0.000000,1.956498,6.699489
1.962123,0.000000,1.962123,6.003521
1.967748,0.000000,1.967748,6.322155
1.973374,0.000000,1.973374,7.392151
1.978999,0.000000,1.978999,5.813156
1.984624,0.000000,1.984624,4.726835
1.990249,0.000000,1.990249,6.418778
1.995874,0.000000,1.995874,7.626967
2.001499,0.000000,2.001499,7.783822
2.007124,0.000000,2.007124,7.765197
2.012749,0.000000,2.012749,8.979918
2.018374,0.000000,2.018374,8.235372
2.024000,0.000000,2.024000,6.588744
2.029625,0.000000,2.029625,7.096802
2.035250,0.000000,2.035250,8.250314
2.040875,0.000000,2.040875,7.810305
2.046500,0.000000,2.046500,7.011562
2.052125,0.000000,2.052125,7.641189
2.057750,0.000000,2.057750,8.827042
2.063375,0.000000,2.063375,8.840161
2.069000,0.000000,2.069000,7.606396
2.074626,0.000000,2.074626,7.923483
2.080251,0.000000,2.080251,8.946959
2.085876,0.000000,2.085876,8.731517
2.091501,0.000000,2.091501,8.289335
2.097126,0.000000,2.097126,6.983961
2.102751,0.000000,2.102751,8.355606
2.108376,0.000000,2.108376,8.457798
2.114001,0.000000,2.114001,7.827373
2.119626,0.000000,2.119626,7.634874
2.125252,0.000000,2.125252,7.680930
2.130877,0.000000,2.130877,8.398099
2.136502,0.000000,2.136502,7.969378
2.142127,0.000000,2.142127,8.255338
2.147752,0.000000,2.147752,8.882112
2.153377,0.000000,2.153377,8.468504
2.159002,0.000000,2.159002,7.596806
2.164627,0.000000,2.164627,8.279787
2.170252,0.000000,2.170252,7.307365
2.175877,0.000000,2.175877,7.024807
2.181503,0.000000,2.181503,8.611389
2.187128,0.000000,2.187128,8.508520
2.192753,0.000000,2.192753,8.487765
2.198378,0.000000,2.198378,8.287023
2.204003,0.000000,2.204003,7.231787
2.209628,0.000000,2.209628,7.968565
2.215253,0.000000,2.215253,8.388988
2.220878,0.000000,2.220878,8.021035
2.226503,0.000000,2.226503,8.159613
2.232129,0.000000,2.232129,7.780623
2.237754,0.000000,2.237754,8.725242
2.243379,0.000000,2.243379,8.540719
2.249004,0.000000,2.249004,8.518378
2.254629,0.000000,2.254629,8.359784
2.260254,0.000000,2.260254,8.255439
2.265879,0.000000,2.265879,7.718807
2.271504,0.000000,2.271504,8.276361
2.277129,0.000000,2.277129,9.049390
2.282755,0.000000,2.282755,8.508566
2.288380,0.000000,2.288380,7.864480
2.294005,0.000000,2.294005,8.574920
2.299630,0.000000,2.299630,8.881701
2.305255,0.000000,2.305255,7.984404
2.310880,0.000000,2.310880,8.504374
2.316505,0.000000,2.316505,8.656562
2.322130,0.000000,2.322130,7.827877
2.327755,0.000000,2.327755,7.537598
2.333380,0.000000,2.333380,8.033557
2.339006,0.000000,2.339006,7.267758
2.344631,0.000000,2.344631,8.410817
2.350256,0.000000,2.350256,7.979035
2.355881,0.000000,2.355881,7.502522
2.361506,0.000000,2.361506,7.587600
2.367131,0.000000,2.367131,7.581399
2.372756,0.000000,2.372756,8.877097
2.378381,0.000000,2.378381,8.822668
2.384006,0.000000,2.384006,8.499244
2.389632,0.000000,2.389632,8.292844
2.395257,0.000000,2.395257,7.514157
2.400882,0.000000,2.400882,7.665583
2.406507,0.000000,2.406507,8.156888
2.412132,0.000000,2.412132,7.314115
2.417757,0.000000,2.417757,7.026127
2.423382,0.000000,2.423382,6.752491
2.429007,0.000000,2.429007,7.545197
2.434632,0.000000,2.434632,7.669044
2.440258,0.000000,2.440258,6.288512
2.445883,0.000000,2.445883,6.940400
2.451508,0.000000,2.451508,7.306459
2.457133,0.000000,2.457133,8.531754
2.462758,0.000000,2.462758,8.109473
2.468383,0.000000,2.468383,7.167391
2.474008,0.000000,2.474008,8.040868
2.479633,0.000000,2.479633,7.553906
2.485258,0.000000,2.485258,7.578519
2.490884,0.000000,2.490884,8.384334
2.496509,0.000000,2.496509,8.873373
2.502134,0.000000,2.502134,8.112154
2.507759,0.000000,2.507759,8.278555
2.513384,0.000000,2.513384,8.127308
2.519009,0.000000,2.519009,7.234579
2.524634,0.000000,2.524634,7.374593
2.530259,0.000000,2.530259,7.797348
2.535884,0.000000,2.535884,8.334558
2.541509,0.000000,2.541509,8.659945
2.547135,0.000000,2.547135,7.825538
2.552760,0.000000,2.552760,7.267280
2.558385,0.000000,2.558385,8.126502
2.564010,0.000000,2.564010,8.066859
2.569635,0.000000,2.569635,7.242900
2.575260,0.000000,2.575260,8.250409
2.580885,0.000000,2.580885,7.836252
2.586510,0.000000,2.586510,7.937889
2.592135,0.000000,2.592135,7.811632
2.597761,0.000000,2.597761,8.089434
2.603386,0.000000,2.603386,8.010685
2.609011,0.000000,2.609011,8.235557
2.614636,0.000000,2.614636,8.235538
2.620261,0.000000,2.620261,7.112383
2.625886,0.000000,2.625886,7.411294
2.631511,0.000000,2.631511,7.585342
2.637136,0.000000,2.637136,8.280294
2.642761,0.000000,2.642761,8.141159
2.648387,0.000000,2.648387,7.053255
2.654012,0.000000,2.654012,8.044822
2.659637,0.000000,2.659637,7.883422
2.665262,0.000000,2.665262,6.980109
2.670887,0.000000,2.670887,7.379713
2.676512,0.000000,2.676512,6.874493
2.682137,0.000000,2.682137,7.752632
2.687762,0.000000,2.687762,8.044996
2.693387,0.000000,2.693387,6.725086
2.699012,0.000000,2.699012,7.446404
2.704638,0.000000,2.704638,6.953922
2.710263,0.000000,2.710263,8.206065
2.715888,0.000000,2.715888,7.920346
2.721513,0.000000,2.721513,6.205513
2.727138,0.000000,2.727138,6.822700
2.732763,0.000000,2.732763,6.968588
2.738388,0.000000,2.738388,7.464885
2.744013,0.000000,2.744013,8.946751
2.749638,0.000000,2.749638,8.204014
2.755264,0.000000,2.755264,7.080482
2.760889,0.000000,2.760889,7.459307
2.766514,0.000000,2.766514,6.894783
2.772139,0.000000,2.772139,7.025710
2.777764,0.000000,2.777764,7.647021
2.783389,0.000000,2.783389,7.995619
2.789014,0.000000,2.789014,8.658864
2.794639,0.000000,2.794639,7.971346
2.800264,0.000000,2.800264,7.907246
2.805890,0.000000,2.805890,7.269584
2.811515,0.000000,2.811515,7.492192
2.817140,0.000000,2.817140,8.309732
2.822765,0.000000,2.822765,7.095027
2.828390,0.000000,2.828390,7.903450
2.834015,0.000000,2.834015,7.998545
2.839640,0.000000,2.839640,8.862501
2.845265,0.000000,2.845265,7.807961
2.850890,0.000000,2.850890,7.532868
2.856516,0.000000,2.856516,8.101639
2.862141,0.000000,2.862141,8.202168
2.867766,0.000000,2.867766,8.209157
2.873391,0.000000,2.873391,7.788228
2.879016,0.000000,2.879016,8.098769
2.884641,0.000000,2.884641,6.974661
2.890266,0.000000,2.890266,6.738798
2.895891,0.000000,2.895891,6.414027
2.901516,0.000000,2.901516,5.608068
2.907141,0.000000,2.907141,6.125261
2.912767,0.000000,2.912767,6.639061
2.918392,0.000000,2.918392,6.762627
2.924017,0.000000,2.924017,6.705122
2.929642,0.000000,2.929642,6.325889
2.935267,0.000000,2.935267,7.122066
2.940892,0.000000,2.940892,7.384034
2.946517,0.000000,2.946517,6.478945
2.952142,0.000000,2.952142,6.525262
2.957767,0.000000,2.957767,7.157929
2.963393,0.000000,2.963393,7.563931
2.969018,0.000000,2.969018,7.630865
2.974643,0.000000,2.974643,8.283694
2.980268,0.000000,2.980268,8.132285
2.985893,0.000000,2.985893,8.476246
2.991518,0.000000,2.991518,8.260157
2.997143,0.000000,2.997143,7.280972
3.002768,0.000000,3.002768,7.683134
3.008393,0.000000,3.008393,8.829908
3.014019,0.000000,3.014019,8.128925
3.019644,0.000000,3.019644,7.373845
3.025269,0.000000,3.025269,8.308898
3.030894,0.000000,3.030894,7.806632
3.036519,0.000000,3.036519,8.031588
3.042144,0.000000,3.042144,7.726695
3.047769,0.000000,3.047769,7.976867
3.053394,0.000000,3.053394,8.389571
3.059019,0.000000,3.059019,8.748850
3.064644,0.000000,3.064644,8.869057
3.070270,0.000000,3.070270,9.661509
3.075895,0.000000,3.075895,10.123415
3.081520,0.000000,3.081520,9.915114
3.087145,0.000000,3.087145,10.558996
3.092770,0.000000,3.092770,10.611751
3.098395,0.000000,3.098395,9.666306
3.104020,0.000000,3.104020,9.734146
3.109645,0.000000,3.109645,9.949286
3.115270,0.000000,3.115270,9.526940
3.120896,0.000000,3.120896,8.936505
3.126521,0.000000,3.126521,7.833953
3.132146,0.000000,3.132146,7.728390
3.137771,0.000000,3.137771,7.964602
3.143396,0.000000,3.143396,7.190264
3.149021,0.000000,3.149021,7.375108
3.154646,0.000000,3.154646,8.242178
3.160271,0.000000,3.160271,7.416414
3.165896,0.000000,3.165896,7.256101
3.171522,0.000000,3.171522,7.445074
3.177147,0.000000,3.177147,7.120597
3.182772,0.000000,3.182772,7.125300
3.188397,0.000000,3.188397,7.064664
3.194022,0.000000,3.194022,6.405311
3.199647,0.000000,3.199647,6.332025
3.205272,0.000000,3.205272,7.264188
3.210897,0.000000,3.210897,7.385224
3.216522,0.000000,3.216522,7.506796
3.222148,0.000000,3.222148,7.615015
3.227773,0.000000,3.227773,8.189319
3.233398,0.000000,3.233398,7.648826
3.239023,0.000000,3.239023,6.766680
3.244648,0.000000,3.244648,7.763109
3.250273,0.000000,3.250273,8.004489
3.255898,0.000000,3.255898,7.830710
3.261523,0.000000,3.261523,7.605968
3.267148,0.000000,3.267148,7.712733
3.272773,0.000000,3.272773,7.208648
3.278399,0.000000,3.278399,7.590281
3.284024,0.000000,3.284024,7.348204
3.289649,0.000000,3.289649,7.496926
3.295274,0.000000,3.295274,7.864609
3.300899,0.000000,3.300899,7.858362
3.306524,0.000000,3.306524,7.741779
3.312149,0.000000,3.312149,8.330123
3.317774,0.000000,3.317774,7.845517
3.323399,0.000000,3.323399,7.329623
3.329025,0.000000,3.329025,6.856654
3.334650,0.000000,3.334650,7.618082
3.340275,0.000000,3.340275,8.068779
3.345900,0.000000,3.345900,7.780953
3.351525,0.000000,3.351525,6.789855
3.357150,0.000000,3.357150,7.268383
3.362775,0.000000,3.362775,7.495852
3.368400,0.000000,3.368400,6.736549
3.374025,0.000000,3.374025,6.745518
3.379651,0.000000,3.379651,6.849118
3.385276,0.000000,3.385276,7.071823
3.390901,0.000000,3.390901,7.060854
3.396526,0.000000,3.396526,6.859717
3.402151,0.000000,3.402151,6.671555
3.407776,0.000000,3.407776,6.473625
3.413401,0.000000,3.413401,7.513590
3.419026,0.000000,3.419026,7.718907
3.424651,0.000000,3.424651,6.867357
3.430276,0.000000,3.430276,6.989952
3.435902,0.000000,3.435902,8.167713
3.441527,0.000000,3.441527,6.795100
3.447152,0.000000,3.447152,5.929801
3.452777,0.000000,3.452777,7.308457
3.458402,0.000000,3.458402,8.223208
3.464027,0.000000,3.464027,7.422595
3.469652,0.000000,3.469652,7.200171
3.475277,0.000000,3.475277,6.871463
3.480902,0.000000,3.480902,6.630337
3.486528,0.000000,3.486528,7.383307
3.492153,0.000000,3.492153,7.367686
3.497778,0.000000,3.497778,7.575225
3.503403,0.000000,3.503403,6.982786
3.509028,0.000000,3.509028,7.202352
3.514653,0.000000,3.514653,7.300035
3.520278,0.000000,3.520278,6.743630
3.525903,0.000000,3.525903,7.038733
3.531528,0.000000,3.531528,7.945144
3.537154,0.000000,3.537154,7.160874
3.542779,0.000000,3.542779,6.384220
3.548404,0.000000,3.548404,6.804750
3.554029,0.000000,3.554029,6.340569
3.559654,0.000000,3.559654,7.020663
3.565279,0.000000,3.565279,7.259830
3.570904,0.000000,3.570904,6.284415
3.576529,0.000000,3.576529,6.686258
3.582154,0.000000,3.582154,6.807599
3.587779,0.000000,3.587779,6.397664
3.593405,0.000000,3.593405,6.494622
3.599030,0.000000,3.599030,6.837558
3.604655,0.000000,3.604655,7.351196
3.610280,0.000000,3.610280,7.015226
3.615905,0.000000,3.615905,7.259921
3.621530,0.000000,3.621530,7.375827
3.627155,0.000000,3.627155,7.175223
3.632780,0.000000,3.632780,6.643852
3.638405,0.000000,3.638405,6.921741
3.644031,0.000000,3.644031,6.716206
3.649656,0.000000,3.649656,7.132109
3.655281,0.000000,3.655281,7.445407
3.660906,0.000000,3.660906,6.653839
3.666531,0.000000,3.666531,5.396256
3.672156,0.000000,3.672156,6.346699
3.677781,0.000000,3.677781,7.114097
3.683406,0.000000,3.683406,7.344754
3.689031,0.000000,3.689031,6.581344
3.694657,0.000000,3.694657,6.525237
3.700282,0.000000,3.700282,6.504092
3.705907,0.000000,3.705907,5.848549
3.711532,0.000000,3.711532,7.097595
3.717157,0.000000,3.717157,6.971155
3.722782,0.000000,3.722782,6.420448
3.728407,0.000000,3.728407,5.736380
3.734032,0.000000,3.734032,7.207537
3.739657,0.000000,3.739657,7.840919
3.745283,0.000000,3.745283,7.480391
3.750908,0.000000,3.750908,6.466164
3.756533,0.000000,3.756533,6.867822
3.762158,0.000000,3.762158,7.313051
3.767783,0.000000,3.767783,7.024994
3.773408,0.000000,3.773408,6.367471
3.779033,0.000000,3.779033,5.983777
3.784658,0.000000,3.784658,7.146451
3.790283,0.000000,3.790283,7.248400
3.795908,0.000000,3.795908,6.954876
3.801534,0.000000,3.801534,7.243079
3.807159,0.000000,3.807159,8.375009
3.812784,0.000000,3.812784,7.818910
3.818409,0.000000,3.818409,7.646954
3.824034,0.000000,3.824034,8.068251
3.829659,0.000000,3.829659,8.605569
3.835284,0.000000,3.835284,8.344020
3.840909,0.000000,3.840909,6.442204
3.846534,0.000000,3.846534,6.203521
3.852160,0.000000,3.852160,6.328929
3.857785,0.000000,3.857785,6.932466
3.863410,0.000000,3.863410,6.769443
3.869035,0.000000,3.869035,7.039361
3.874660,0.000000,3.874660,7.092126
3.880285,0.000000,3.880285,6.999111
3.885910,0.000000,3.885910,7.081668
3.891535,0.000000,3.891535,7.227315
3.897160,0.000000,3.897160,7.016313
3.902786,0.000000,3.902786,6.372749
3.908411,0.000000,3.908411,7.115649
3.914036,0.000000,3.914036,7.464706
3.919661,0.000000,3.919661,6.784076
3.925286,0.000000,3.925286,7.533298
3.930911,0.000000,3.930911,7.851555
3.936536,0.000000,3.936536,7.350358
3.942161,0.000000,3.942161,7.342280
3.947786,0.000000,3.947786,6.757842
3.953411,0.000000,3.953411,6.565328
3.959037,0.000000,3.959037,7.113934
3.964662,0.000000,3.964662,7.605557
3.970287,0.000000,3.970287,7.491978
3.975912,0.000000,3.975912,7.712319
3.981537,0.000000,3.981537,7.221708
3.987162,0.000000,3.987162,6.826475
3.992787,0.000000,3.992787,5.936904
3.998412,0.000000,3.998412,6.606868
4.004037,0.000000,4.004037,7.162612
4.009663,0.000000,4.009663,6.836166
4.015288,0.000000,4.015288,6.309004
4.020913,0.000000,4.020913,6.946110
4.026538,0.000000,4.026538,6.487462
4.032163,0.000000,4.032163,6.853992
4.037788,0.000000,4.037788,6.971473
4.043413,0.000000,4.043413,6.489331
4.049038,0.000000,4.049038,6.113694
4.054663,0.000000,4.054663,6.186900
4.060289,0.000000,4.060289,6.507314
4.065914,0.000000,4.065914,7.431811
4.071539,0.000000,4.071539,7.422529
4.077164,0.000000,4.077164,6.874828
4.082789,0.000000,4.082789,6.471178
4.088414,0.000000,4.088414,5.941896
4.094039,0.000000,4.094039,6.729673
4.099664,0.000000,4.099664,7.669734
4.105289,0.000000,4.105289,7.399441
4.110915,0.000000,4.110915,7.571181
4.116540,0.000000,4.116540,7.678216
4.122165,0.000000,4.122165,6.217213
4.127790,0.000000,4.127790,6.645567
4.133415,0.000000,4.133415,7.768906
4.139040,0.000000,4.139040,7.384482
4.144665,0.000000,4.144665,5.512286
4.150290,0.000000,4.150290,6.102620
4.155915,0.000000,4.155915,7.385513
4.161540,0.000000,4.161540,7.655330
4.167166,0.000000,4.167166,6.726727
4.172791,0.000000,4.172791,6.279332
4.178416,0.000000,4.178416,7.058909
4.184041,0.000000,4.184041,6.737531
4.189666,0.000000,4.189666,6.471002
4.195291,0.000000,4.195291,6.712870
4.200916,0.000000,4.200916,5.732310
4.206541,0.000000,4.206541,5.758980
4.212166,0.000000,4.212166,5.628201
4.217792,0.000000,4.217792,6.213761
4.223417,0.000000,4.223417,6.033832
4.229042,0.000000,4.229042,6.128002
4.234667,0.000000,4.234667,6.591871
4.240292,0.000000,4.240292,6.166423
4.245917,0.000000,4.245917,6.344923
4.251542,0.000000,4.251542,6.878943
4.257167,0.000000,4.257167,6.829384
4.262792,0.000000,4.262792,6.911638
4.268418,0.000000,4.268418,6.714072
4.274043,0.000000,4.274043,6.039806
4.279668,0.000000,4.279668,6.359526
4.285293,0.000000,4.285293,6.946671
4.290918,0.000000,4.290918,5.876031
4.296543,0.000000,4.296543,5.805465
4.302168,0.000000,4.302168,6.995286
4.307793,0.000000,4.307793,6.841050
4.313418,0.000000,4.313418,7.439294
4.319043,0.000000,4.319043,6.551407
4.324669,0.000000,4.324669,6.689737
4.330294,0.000000,4.330294,6.892120
4.335919,0.000000,4.335919,6.879982
4.341544,0.000000,4.341544,6.764006
4.347169,0.000000,4.347169,6.688507
4.352794,0.000000,4.352794,6.647112
4.358419,0.000000,4.358419,6.396678
4.364044,0.000000,4.364044,7.063061
4.369669,0.000000,4.369669,7.269632
4.375295,0.000000,4.375295,6.532301
4.380920,0.000000,4.380920,6.169343
4.386545,0.000000,4.386545,6.464211
4.392170,0.000000,4.392170,6.527660
4.397795,0.000000,4.397795,6.484636
4.403420,0.000000,4.403420,6.154644
4.409045,0.000000,4.409045,5.830052
4.414670,0.000000,4.414670,5.994331
4.420295,0.000000,4.420295,6.362964
4.425921,0.000000,4.425921,6.936415
4.431546,0.000000,4.431546,6.906251
4.437171,0.000000,4.437171,6.701747
4.442796,0.000000,4.442796,7.131033
4.448421,0.000000,4.448421,7.514240
4.454046,0.000000,4.454046,6.942027
4.459671,0.000000,4.459671,6.389968
4.465296,0.000000,4.465296,5.789087
4.470921,0.000000,4.470921,7.038694
4.476547,0.000000,4.476547,6.964199
4.482172,0.000000,4.482172,7.207535
4.487797,0.000000,4.487797,7.208956
4.493422,0.000000,4.493422,6.862373
4.499047,0.000000,4.499047,6.566207
4.504672,0.000000,4.504672,6.442838
4.510297,0.000000,4.510297,6.224645
4.515922,0.000000,4.515922,6.174224
4.521547,0.000000,4.521547,6.678728
4.527172,0.000000,4.527172,8.162303
4.532798,0.000000,4.532798,9.291444
4.538423,0.000000,4.538423,10.552162
4.544048,0.000000,4.544048,11.361537
4.549673,0.000000,4.549673,10.359547
4.555298,0.000000,4.555298,9.224969
4.560923,0.000000,4.560923,8.528517
4.566548,0.000000,4.566548,8.068799
4.572173,0.000000,4.572173,8.630445
4.577798,0.000000,4.577798,8.763643
4.583424,0.000000,4.583424,9.345978
4.589049,0.000000,4.589049,9.200578
4.594674,0.000000,4.594674,8.776697
4.600299,0.000000,4.600299,9.493757
4.605924,0.000000,4.605924,9.014408
4.611549,0.000000,4.611549,8.193319
4.617174,0.000000,4.617174,7.986043
4.622799,0.000000,4.622799,7.949569
4.628424,0.000000,4.628424,7.961445
4.634050,0.000000,4.634050,7.159428
4.639675,0.000000,4.639675,6.699818
4.645300,0.000000,4.645300,7.244102
4.650925,0.000000,4.650925,7.571918
4.656550,0.000000,4.656550,7.215357
4.662175,0.000000,4.662175,6.672306
4.667800,0.000000,4.667800,6.583013
4.673425,0.000000,4.673425,6.956482
4.679050,0.000000,4.679050,7.422042
4.684675,0.000000,4.684675,7.370650
4.690301,0.000000,4.690301,6.660452
4.695926,0.000000,4.695926,6.778765
4.701551,0.000000,4.701551,7.194808
4.707176,0.000000,4.707176,7.330119
4.712801,0.000000,4.712801,6.456419
4.718426,0.000000,4.718426,6.592760
4.724051,0.000000,4.724051,6.840263
4.729676,0.000000,4.729676,5.691222
4.735301,0.000000,4.735301,5.677900
4.740927,0.000000,4.740927,6.204814
4.746552,0.000000,4.746552,5.692326
4.752177,0.000000,4.752177,6.080395
4.757802,0.000000,4.757802,6.660405
4.763427,0.000000,4.763427,6.203430
4.769052,0.000000,4.769052,6.534543
4.774677,0.000000,4.774677,6.546322
4.780302,0.000000,4.780302,6.388487
4.785927,0.000000,4.785927,6.154815
4.791553,0.000000,4.791553,6.394043
4.797178,0.000000,4.797178,7.094551
4.802803,0.000000,4.802803,6.330297
4.808428,0.000000,4.808428,6.114336
4.814053,0.000000,4.814053,6.334493
4.819678,0.000000,4.819678,6.880887
4.825303,0.000000,4.825303,7.029273
4.830928,0.000000,4.830928,6.487401
4.836553,0.000000,4.836553,7.197805
4.842178,0.000000,4.842178,7.317006
4.847804,0.000000,4.847804,7.074986
4.853429,0.000000,4.853429,6.734730
4.859054,0.000000,4.859054,6.123856
4.864679,0.000000,4.864679,6.912939
4.870304,0.000000,4.870304,6.642907
4.875929,0.000000,4.875929,5.798031
4.881554,0.000000,4.881554,6.206158
4.887179,0.000000,4.887179,7.015152
4.892804,0.000000,4.892804,7.300519
4.898430,0.000000,4.898430,6.635834
4.904055,0.000000,4.904055,6.266521
4.909680,0.000000,4.909680,6.555387
4.915305,0.000000,4.915305,6.643614
4.920930,0.000000,4.920930,6.274002
4.926555,0.000000,4.926555,6.044424
4.932180,0.000000,4.932180,6.450470
4.937805,0.000000,4.937805,6.242407
4.943430,0.000000,4.943430,6.271155
4.949056,0.000000,4.949056,5.929133
4.954681,0.000000,4.954681,5.952795
4.960306,0.000000,4.960306,6.611466
4.965931,0.000000,4.965931,6.566869
4.971556,0.000000,4.971556,7.079425
4.977181,0.000000,4.977181,6.610798
4.982806,0.000000,4.982806,5.701821
4.988431,0.000000,4.988431,6.025054
4.994056,0.000000,4.994056,5.939067
4.999682,0.000000,4.999682,6.210058
5.005307,0.000000,5.005307,6.713586
5.010932,0.000000,5.010932,6.142662
5.016557,0.000000,5.016557,6.274716
5.022182,0.000000,5.022182,5.960153
5.027807,0.000000,5.027807,5.683420
5.033432,0.000000,5.033432,6.652145
5.039057,0.000000,5.039057,6.873182
5.044682,0.000000,5.044682,6.928344
5.050307,0.000000,5.050307,6.959875
5.055933,0.000000,5.055933,7.296079
5.061558,0.000000,5.061558,6.581385
5.067183,0.000000,5.067183,5.855509
5.072808,0.000000,5.072808,6.899383
5.078433,0.000000,5.078433,6.224815
5.084058,0.000000,5.084058,6.086909
5.089683,0.000000,5.089683,7.065153
5.095308,0.000000,5.095308,6.381454
5.100933,0.000000,5.100933,5.894787
5.106559,0.000000,5.106559,6.154901
5.112184,0.000000,5.112184,6.707181
5.117809,0.000000,5.117809,6.768128
5.123434,0.000000,5.123434,5.901229
5.129059,0.000000,5.129059,5.115097
5.134684,0.000000,5.134684,5.148071
5.140309,0.000000,5.140309,4.962265
5.145934,0.000000,5.145934,5.227205
5.151559,0.000000,5.151559,6.419206
5.157185,0.000000,5.157185,6.196003
5.162810,0.000000,5.162810,5.681111
5.168435,0.000000,5.168435,6.005861
5.174060,0.000000,5.174060,6.166664
5.179685,0.000000,5.179685,5.522738
5.185310,0.000000,5.185310,5.085494
5.190935,0.000000,5.190935,6.257336
5.196560,0.000000,5.196560,6.158310
5.202185,0.000000,5.202185,5.712776
5.207810,0.000000,5.207810,5.567551
5.213436,0.000000,5.213436,5.702996
5.219061,0.000000,5.219061,6.390779
5.224686,0.000000,5.224686,6.373426
5.230311,0.000000,5.230311,6.603636
5.235936,0.000000,5.235936,5.552238
5.241561,0.000000,5.241561,5.708026
5.247186,0.000000,5.247186,6.300657
5.252811,0.000000,5.252811,6.468055
5.258436,0.000000,5.258436,6.179884
5.264062,0.000000,5.264062,5.154336
5.269687,0.000000,5.269687,6.060213
5.275312,0.000000,5.275312,6.701125
5.280937,0.000000,5.280937,6.756470
5.286562,0.000000,5.286562,7.047787
5.292187,0.000000,5.292187,6.841477
5.297812,0.000000,5.297812,6.270990
5.303437,0.000000,5.303437,7.122056
5.309062,0.000000,5.309062,7.752224
5.314688,0.000000,5.314688,6.848363
5.320313,0.000000,5.320313,6.344580
5.325938,0.000000,5.325938,6.371335
5.331563,0.000000,5.331563,6.006434
5.337188,0.000000,5.337188,6.113044
5.342813,0.000000,5.342813,6.430673
5.348438,0.000000,5.348438,6.377272
5.354063,0.000000,5.354063,6.860040
5.359688,0.000000,5.359688,6.980336
5.365314,0.000000,5.365314,6.278498
5.370939,0.000000,5.370939,5.646238
5.376564,0.000000,5.376564,5.522725
5.382189,0.000000,5.382189,5.715781
5.387814,0.000000,5.387814,6.199138
5.393439,0.000000,5.393439,6.215387
5.399064,0.000000,5.399064,5.665041
5.404689,0.000000,5.404689,5.885418
5.410314,0.000000,5.410314,6.410197
5.415939,0.000000,5.415939,6.006207
5.421565,0.000000,5.421565,4.955400
5.427190,0.000000,5.427190,4.441375
5.432815,0.000000,5.432815,5.170495
5.438440,0.000000,5.438440,5.527151
5.444065,0.000000,5.444065,5.264965
5.449690,0.000000,5.449690,5.344205
5.455315,0.000000,5.455315,5.290950
5.460940,0.000000,5.460940,6.226760
5.466565,0.000000,5.466565,6.761881
5.472191,0.000000,5.472191,5.790725
5.477816,0.000000,5.477816,6.228945
5.483441,0.000000,5.483441,6.265036
5.489066,0.000000,5.489066,5.996812
5.494691,0.000000,5.494691,6.297720
5.500316,0.000000,5.500316,5.895279
5.505941,0.000000,5.505941,5.218403
5.511566,0.000000,5.511566,5.579924
5.517191,0.000000,5.517191,6.148533
5.522817,0.000000,5.522817,6.734797
5.528442,0.000000,5.528442,6.446146
5.534067,0.000000,5.534067,6.194216
5.539692,0.000000,5.539692,5.540849
5.545317,0.000000,5.545317,5.771527
5.550942,0.000000,5.550942,5.429018
5.556567,0.000000,5.556567,6.247978
5.562192,0.000000,5.562192,6.850759
5.567817,0.000000,5.567817,6.412447
5.573442,0.000000,5.573442,6.393041
5.579068,0.000000,5.579068,6.487660
5.584693,0.000000,5.584693,6.521321
5.590318,0.000000,5.590318,6.267966
5.595943,0.000000,5.595943,6.608631
5.601568,0.000000,5.601568,6.301433
5.607193,0.000000,5.607193,5.464176
5.612818,0.000000,5.612818,5.509898
5.618443,0.000000,5.618443,6.002245
5.624068,0.000000,5.624068,5.624828
5.629694,0.000000,5.629694,5.176307
5.635319,0.000000,5.635319,5.952939
5.640944,0.000000,5.640944,6.572687
5.646569,0.000000,5.646569,6.329354
5.652194,0.000000,5.652194,5.619340
5.657819,0.000000,5.657819,4.985998
5.663444,0.000000,5.663444,4.539478
5.669069,0.000000,5.669069,5.554760
5.674694,0.000000,5.674694,6.259367
5.680320,0.000000,5.680320,6.555465
5.685945,0.000000,5.685945,6.461580
5.691570,0.000000,5.691570,5.749762
5.697195,0.000000,5.697195,5.602320
5.702820,0.000000,5.702820,6.197981
5.708445,0.000000,5.708445,5.798057
5.714070,0.000000,5.714070,6.040711
5.719695,0.000000,5.719695,6.396056
5.725320,0.000000,5.725320,5.748780
5.730946,0.000000,5.730946,5.762840
5.736571,0.000000,5.736571,5.755661
5.742196,0.000000,5.742196,5.537663
5.747821,0.000000,5.747821,6.081872
5.753446,0.000000,5.753446,5.858120
5.759071,0.000000,5.759071,6.054219
5.764696,0.000000,5.764696,5.872372
5.770321,0.000000,5.770321,6.284746
5.775946,0.000000,5.775946,6.264086
5.781571,0.000000,5.781571,5.380022
5.787197,0.000000,5.787197,5.183034
5.792822,0.000000,5.792822,5.504625
5.798447,0.000000,5.798447,5.634719
5.804072,0.000000,5.804072,6.332378
5.809697,0.000000,5.809697,6.508758
5.815322,0.000000,5.815322,5.967520
5.820947,0.000000,5.820947,5.361034
5.826572,0.000000,5.826572,5.538411
5.832197,0.000000,5.832197,5.560474
5.837823,0.000000,5.837823,5.316006
5.843448,0.000000,5.843448,5.243540
5.849073,0.000000,5.849073,5.440840
5.854698,0.000000,5.854698,5.351444
5.860323,0.000000,5.860323,5.899036
5.865948,0.000000,5.865948,6.088806
5.871573,0.000000,5.871573,5.230459
5.877198,0.000000,5.877198,5.509281
5.882823,0.000000,5.882823,6.019997
5.888449,0.000000,5.888449,6.044499
5.894074,0.000000,5.894074,6.363564
5.899699,0.000000,5.899699,5.864016
5.905324,0.000000,5.905324,6.059036
5.910949,0.000000,5.910949,6.639361
5.916574,0.000000,5.916574,6.493863
5.922199,0.000000,5.922199,6.327694
5.927824,0.000000,5.927824,6.342246
5.933449,0.000000,5.933449,5.542671
5.939074,0.000000,5.939074,5.640601
5.944700,0.000000,5.944700,5.598382
5.950325,0.000000,5.950325,5.778143
5.955950,0.000000,5.955950,6.289927
5.961575,0.000000,5.961575,5.562414
5.967200,0.000000,5.967200,5.249925
5.972825,0.000000,5.972825,6.398956
5.978450,0.000000,5.978450,5.689494
5.984075,0.000000,5.984075,4.924221
5.989700,0.000000,5.989700,6.044058
5.995326,0.000000,5.995326,6.645606
6.000951,0.000000,6.000951,6.168788
6.006576,0.000000,6.006576,6.449886
6.012201,0.000000,6.012201,7.829690
6.017826,0.000000,6.017826,8.646195
6.023451,0.000000,6.023451,10.857189
6.029076,0.000000,6.029076,14.033216
6.034701,0.000000,6.034701,15.428370
6.040326,0.000000,6.040326,14.969247
6.045952,0.000000,6.045952,13.527295
6.051577,0.000000,6.051577,11.876225
6.057202,0.000000,6.057202,10.522527
6.062827,0.000000,6.062827,9.437231
6.068452,0.000000,6.068452,8.936866
6.074077,0.000000,6.074077,8.566813
6.079702,0.000000,6.079702,7.860299
6.085327,0.000000,6.085327,8.073946
6.090952,0.000000,6.090952,7.961156
6.096578,0.000000,6.096578,7.985569
6.102203,0.000000,6.102203,7.880190
6.107828,0.000000,6.107828,7.392720
6.113453,0.000000,6.113453,7.041846
6.119078,0.000000,6.119078,7.040143
6.124703,0.000000,6.124703,6.835889
6.130328,0.000000,6.130328,6.934471
6.135953,0.000000,6.135953,6.748008
6.141578,0.000000,6.141578,6.506446
6.147203,0.000000,6.147203,6.481091
6.152829,0.000000,6.152829,6.893410
6.158454,0.000000,6.158454,7.195922
6.164079,0.000000,6.164079,6.920463
6.169704,0.000000,6.169704,6.097307
6.175329,0.000000,6.175329,6.320755
6.180954,0.000000,6.180954,6.189837
6.186579,0.000000,6.186579,6.608151
6.192204,0.000000,6.192204,6.733913
6.197829,0.000000,6.197829,6.554626
6.203455,0.000000,6.203455,6.202374
6.209080,0.000000,6.209080,5.733658
6.214705,0.000000,6.214705,6.033415
6.220330,0.000000,6.220330,6.575515
6.225955,0.000000,6.225955,5.969880
6.231580,0.000000,6.231580,5.595560
6.237205,0.000000,6.237205,6.142518
6.242830,0.000000,6.242830,6.350519
6.248455,0.000000,6.248455,5.995648
6.254081,0.000000,6.254081,6.078316
6.259706,0.000000,6.259706,5.728121
6.265331,0.000000,6.265331,5.813133
6.270956,0.000000,6.270956,6.131866
6.276581,0.000000,6.276581,6.289037
6.282206,0.000000,6.282206,5.741159
6.287831,0.000000,6.287831,5.849735
6.293456,0.000000,6.293456,5.564264
6.299081,0.000000,6.299081,4.804259
6.304706,0.000000,6.304706,5.665591
6.310332,0.000000,6.310332,6.135391
6.315957,0.000000,6.315957,5.816038
6.321582,0.000000,6.321582,5.442231
6.327207,0.000000,6.327207,5.514239
6.332832,0.000000,6.332832,6.169894
6.338457,0.000000,6.338457,5.797310
6.344082,0.000000,6.344082,5.508758
6.349707,0.000000,6.349707,6.176853
6.355332,0.000000,6.355332,6.027081
6.360958,0.000000,6.360958,5.711855
6.366583,0.000000,6.366583,5.555545
6.372208,0.000000,6.372208,5.732059
6.377833,0.000000,6.377833,6.569475
6.383458,0.000000,6.383458,6.420816
6.389083,0.000000,6.389083,6.181833
6.394708,0.000000,6.394708,5.513301
6.400333,0.000000,6.400333,4.764275
6.405958,0.000000,6.405958,5.576160
6.411584,0.000000,6.411584,6.084503
6.417209,0.000000,6.417209,5.603360
6.422834,0.000000,6.422834,5.370906
6.428459,0.000000,6.428459,5.720212
6.434084,0.000000,6.434084,6.273722
6.439709,0.000000,6.439709,5.732195
6.445334,0.000000,6.445334,6.129889
6.450959,0.000000,6.450959,5.914678
6.456584,0.000000,6.456584,6.141023
6.462209,0.000000,6.462209,6.316056
6.467835,0.000000,6.467835,5.913300
6.473460,0.000000,6.473460,5.968186
6.479085,0.000000,6.479085,6.177132
6.484710,0.000000,6.484710,5.503939
6.490335,0.000000,6.490335,5.309708
6.495960,0.000000,6.495960,5.302151
6.501585,0.000000,6.501585,5.139480
6.507210,0.000000,6.507210,5.611413
6.512835,0.000000,6.512835,5.564944
6.518461,0.000000,6.518461,5.611695
6.524086,0.000000,6.524086,5.166359
6.529711,0.000000,6.529711,5.225748
6.535336,0.000000,6.535336,5.575665
6.540961,0.000000,6.540961,5.162160
6.546586,0.000000,6.546586,5.006881
6.552211,0.000000,6.552211,5.364484
6.557836,0.000000,6.557836,5.629535
6.563461,0.000000,6.563461,6.218853
6.569087,0.000000,6.569087,5.693178
6.574712,0.000000,6.574712,5.620773
6.580337,0.000000,6.580337,5.633253
6.585962,0.000000,6.585962,5.022796
6.591587,0.000000,6.591587,5.369543
6.597212,0.000000,6.597212,6.183908
6.602837,0.000000,6.602837,5.857784
6.608462,0.000000,6.608462,5.364751
6.614087,0.000000,6.614087,5.150062
6.619713,0.000000,6.619713,5.210823
6.625338,0.000000,6.625338,5.037180
6.630963,0.000000,6.630963,4.521202
6.636588,0.000000,6.636588,5.174826
6.642213,0.000000,6.642213,5.303415
6.647838,0.000000,6.647838,5.648265
6.653463,0.000000,6.653463,6.112411
6.659088,0.000000,6.659088,6.176710
6.664713,0.000000,6.664713,6.211623
6.670338,0.000000,6.670338,5.292705
6.675964,0.000000,6.675964,4.733302
6.681589,0.000000,6.681589,4.699059
6.687214,0.000000,6.687214,4.437898
6.692839,0.000000,6.692839,5.013318
6.698464,0.000000,6.698464,5.028835
6.704089,0.000000,6.704089,5.079927
6.709714,0.000000,6.709714,5.316967
6.715339,0.000000,6.715339,4.979247
6.720964,0.000000,6.720964,5.372357
6.726590,0.000000,6.726590,5.708266
6.732215,0.000000,6.732215,5.676692
6.737840,0.000000,6.737840,6.023486
6.743465,0.000000,6.743465,5.884645
6.749090,0.000000,6.749090,5.496525
6.754715,0.000000,6.754715,5.847494
6.760340,0.000000,6.760340,5.412376
6.765965,0.000000,6.765965,5.283937
6.771590,0.000000,6.771590,5.372098
6.777216,0.000000,6.777216,5.949959
6.782841,0.000000,6.782841,5.623801
6.788466,0.000000,6.788466,5.445893
6.794091,0.000000,6.794091,6.373669
6.799716,0.000000,6.799716,7.487690
6.805341,0.000000,6.805341,7.398743
6.810966,0.000000,6.810966,6.166447
6.816591,0.000000,6.816591,5.638357
6.822216,0.000000,6.822216,5.664027
6.827841,0.000000,6.827841,5.579871
6.833467,0.000000,6.833467,5.749113
6.839092,0.000000,6.839092,5.272336
6.844717,0.000000,6.844717,4.286219
6.850342,0.000000,6.850342,5.196177
6.855967,0.000000,6.855967,5.408642
6.861592,0.000000,6.861592,5.078273
6.867217,0.000000,6.867217,5.225072
6.872842,0.000000,6.872842,5.916944
6.878467,0.000000,6.878467,6.613738
6.884093,0.000000,6.884093,6.742007
6.889718,0.000000,6.889718,5.505735
6.895343,0.000000,6.895343,4.764762
6.900968,0.000000,6.900968,5.292899
6.906593,0.000000,6.906593,5.646871
6.912218,0.000000,6.912218,5.489669
6.917843,0.000000,6.917843,5.284995
6.923468,0.000000,6.923468,5.386611
6.929093,0.000000,6.929093,5.520919
6.934719,0.000000,6.934719,5.415180
6.940344,0.000000,6.940344,5.635502
6.945969,0.000000,6.945969,5.221402
6.951594,0.000000,6.951594,4.399551
6.957219,0.000000,6.957219,4.978117
6.962844,0.000000,6.962844,4.535513
6.968469,0.000000,6.968469,4.617606
6.974094,0.000000,6.974094,5.395003
6.979719,0.000000,6.979719,5.122737
6.985345,0.000000,6.985345,5.742394
6.990970,0.000000,6.990970,5.921714
6.996595,0.000000,6.996595,5.348413
7.002220,0.000000,7.002220,5.514060
7.007845,0.000000,7.007845,5.867590
7.013470,0.000000,7.013470,5.215218
7.019095,0.000000,7.019095,4.851004
7.024720,0.000000,7.024720,5.274439
7.030345,0.000000,7.030345,5.502377
7.035970,0.000000,7.035970,5.728164
7.041596,0.000000,7.041596,4.535246
7.047221,0.000000,7.047221,4.645902
7.052846,0.000000,7.052846,4.591923
7.058471,0.000000,7.058471,4.668670
7.064096,0.000000,7.064096,5.029068
7.069721,0.000000,7.069721,5.382115
7.075346,0.000000,7.075346,5.817906
7.080971,0.000000,7.080971,6.180441
7.086596,0.000000,7.086596,5.957281
7.092222,0.000000,7.092222,4.866234
7.097847,0.000000,7.097847,4.969523
7.103472,0.000000,7.103472,5.472450
7.109097,0.000000,7.109097,5.990199
7.114722,0.000000,7.114722,5.045010
7.120347,0.000000,7.120347,4.086610
7.125972,0.000000,7.125972,4.742965
7.131597,0.000000,7.131597,5.022108
7.137222,0.000000,7.137222,5.161773
7.142848,0.000000,7.142848,5.544583
7.148473,0.000000,7.148473,5.745985
7.154098,0.000000,7.154098,5.644450
7.159723,0.000000,7.159723,4.720420
7.165348,0.000000,7.165348,5.358074
7.170973,0.000000,7.170973,6.850230
7.176598,0.000000,7.176598,6.638498
7.182223,0.000000,7.182223,6.027867
7.187848,0.000000,7.187848,6.133808
7.193473,0.000000,7.193473,6.044088
7.199099,0.000000,7.199099,3.539328
7.204724,0.000000,7.204724,3.757551
7.210349,0.000000,7.210349,4.862862
7.215974,0.000000,7.215974,4.317349
7.221599,0.000000,7.221599,4.277741
7.227224,0.000000,7.227224,5.734154
7.232849,0.000000,7.232849,5.895719
7.238474,0.000000,7.238474,6.187917
7.244099,0.000000,7.244099,4.445063
7.249725,0.000000,7.249725,3.434710
7.255350,0.000000,7.255350,5.398056
7.260975,0.000000,7.260975,4.724107
7.266600,0.000000,7.266600,3.399129
7.272225,0.000000,7.272225,6.132679
7.277850,0.000000,7.277850,6.765687
7.283475,0.000000,7.283475,6.729650
7.289100,0.000000,7.289100,6.075528
7.294725,0.000000,7.294725,6.060896
7.300351,0.000000,7.300351,4.596861
7.305976,0.000000,7.305976,4.275907
7.311601,0.000000,7.311601,3.013700
7.317226,0.000000,7.317226,1.894559
7.322851,0.000000,7.322851,4.347606
7.328476,0.000000,7.328476,5.430358
7.334101,0.000000,7.334101,4.724945
7.339726,0.000000,7.339726,4.175866
7.345351,0.000000,7.345351,5.616585
7.350977,0.000000,7.350977,5.589407
7.356602,0.000000,7.356602,5.802788
7.362227,0.000000,7.362227,3.619801
