q EQ,i EQ,q ME,i ME
0.055212,0.000000,0.055212,0.000000
0.060837,0.000000,0.060837,0.000000
0.066462,0.000000,0.066462,0.000000
0.072087,0.840426,0.072087,0.375001
0.077712,1.071338,0.077712,0.306960
0.083337,1.825529,0.083337,0.708523
0.088963,2.604323,0.088963,1.536469
0.094588,3.626709,0.094588,1.124475
0.100213,10.028937,0.100213,0.981426
0.105838,324.355621,0.105838,1.148659
0.111463,3010.742432,0.111463,1.350211
0.117088,7458.759277,0.117088,1.218655
0.122713,9028.650391,0.122713,1.148594
0.128338,8781.999023,0.128338,2.299559
0.133963,8632.511719,0.133963,8.187134
0.139589,8579.755859,0.139589,37.281700
0.145214,8491.194336,0.145214,166.683655
0.150839,8186.827148,0.150839,603.107178
0.156464,7698.692383,0.156464,1028.074463
0.162089,7352.206055,0.162089,1017.316650
0.167714,6677.717285,0.167714,950.404358
0.173339,5714.631836,0.173339,890.679749
0.178964,4605.070312,0.178964,815.951599
0.184589,3367.355713,0.184589,769.369690
0.190214,2141.874023,0.190214,720.969116
0.195840,1383.604980,0.195840,666.896729
0.201465,908.408936,0.201465,614.699402
0.207090,719.929749,0.207090,571.705444
0.212715,759.860046,0.212715,536.328003
0.218340,877.075012,0.218340,505.141663
0.223965,1017.013550,0.223965,470.232910
0.229590,1169.209839,0.229590,445.845093
0.235215,1313.363159,0.235215,423.643311
0.240840,1447.575073,0.240840,397.314209
0.246466,1572.326904,0.246466,377.666168
0.252091,1708.017212,0.252091,348.578430
0.257716,1869.499756,0.257716,325.389893
0.263341,1956.468750,0.263341,309.285706
0.268966,2128.765137,0.268966,287.754395
0.274591,2340.001953,0.274591,272.283630
0.280216,2605.623291,0.280216,261.381927
0.285841,2875.033447,0.285841,248.530945
0.291466,3190.575684,0.291466,238.348099
0.297092,3569.805420,0.297092,228.895218
0.302717,4040.570557,0.302717,221.941910
0.308342,4475.870117,0.308342,209.075470
0.313967,4736.937012,0.313967,199.763840
0.319592,5174.702637,0.319592,195.024902
0.325217,5582.389160,0.325217,188.748672
0.330842,5873.748535,0.330842,180.805313
0.336467,6056.130859,0.336467,172.790955
0.342092,6124.608398,0.342092,162.523041
0.347718,6090.200684,0.347718,150.605270
0.353343,5923.228516,0.353343,141.875610
0.358968,5510.698730,0.358968,135.547867
0.364593,4994.474121,0.364593,125.074944
0.370218,4503.291016,0.370218,115.152512
0.375843,4005.884033,0.375843,110.693138
0.381468,3478.808105,0.381468,103.668709
0.387093,2955.066162,0.387093,92.781013
0.392718,2430.186279,0.392718,85.153885
0.398343,1972.504272,0.398343,81.467438
0.403969,1613.577759,0.403969,73.800644
0.409594,1278.368530,0.409594,71.419777
0.415219,994.523438,0.415219,66.531715
0.420844,787.104980,0.420844,60.637360
0.426469,634.280334,0.426469,58.853436
0.432094,507.142609,0.432094,54.543667
0.437719,400.379608,0.437719,52.317677
0.443344,322.953705,0.443344,49.590366
0.448969,261.057129,0.448969,44.803741
0.454595,212.639816,0.454595,44.570992
0.460220,174.515106,0.460220,46.375938
0.465845,153.811661,0.465845,42.706341
0.471470,142.755264,0.471470,40.110394
0.477095,142.343231,0.477095,39.745941
0.482720,158.022293,0.482720,38.634678
0.488345,189.226105,0.488345,40.650654
0.493970,231.329163,0.493970,39.591984
0.499595,286.827759,0.499595,38.695038
0.505221,360.288788,0.505221,37.976002
0.510846,435.698425,0.510846,37.909004
0.516471,508.638367,0.516471,39.853901
0.522096,574.639587,0.522096,38.096992
0.527721,652.752380,0.527721,37.804234
0.533346,714.290588,0.533346,36.646351
0.538971,763.784851,0.538971,35.633537
0.544596,801.254761,0.544596,35.131554
0.550221,828.301086,0.550221,33.087086
0.555846,842.132751,0.555846,32.397640
0.561472,842.137268,0.561472,32.698734
0.567097,829.512939,0.567097,34.988594
0.572722,805.524963,0.572722,34.955544
0.578347,782.496277,0.578347,31.986994
0.583972,760.392822,0.583972,34.000023
0.589597,736.785034,0.589597,35.414272
0.595222,706.032288,0.595222,31.957483
0.600847,677.369263,0.600847,30.357025
0.606472,646.013672,0.606472,31.027361
0.612098,617.531067,0.612098,30.879074
0.617723,581.275085,0.617723,28.865240
0.623348,559.889954,0.623348,28.291033
0.628973,538.095154,0.628973,26.096333
0.634598,515.302490,0.634598,24.674234
0.640223,497.739594,0.640223,23.186127
0.645848,476.291016,0.645848,23.594601
0.651473,456.827972,0.651473,22.335081
0.657098,436.378052,0.657098,21.458445
0.662724,413.658691,0.662724,26.403013
0.668349,381.109772,0.668349,25.222887
0.673974,347.882111,0.673974,22.105927
0.679599,315.806213,0.679599,20.664696
0.685224,281.386444,0.685224,20.965172
0.690849,247.153351,0.690849,21.940929
0.696474,216.952606,0.696474,21.039991
0.702099,186.247604,0.702099,19.755016
0.707724,155.239578,0.707724,21.212095
0.713349,129.665497,0.713349,20.204546
0.718975,105.297203,0.718975,19.923790
0.724600,90.522911,0.724600,20.621103
0.730225,80.045708,0.730225,21.543673
0.735850,70.649315,0.735850,18.700676
0.741475,60.269257,0.741475,17.490736
0.747100,59.497620,0.747100,18.366461
0.752725,60.529449,0.752725,21.910688
0.758350,60.776993,0.758350,26.701172
0.763975,61.743702,0.763975,25.394012
0.769601,64.922386,0.769601,23.706873
0.775226,71.717682,0.775226,21.529751
0.780851,77.537201,0.780851,20.668758
0.786476,86.042709,0.786476,18.388531
0.792101,94.912521,0.792101,17.586485
0.797726,102.748459,0.797726,19.176262
0.803351,112.007111,0.803351,18.405321
0.808976,121.084946,0.808976,17.514917
0.814601,130.791138,0.814601,16.061888
0.820227,140.141968,0.820227,17.648285
0.825852,149.249161,0.825852,17.627575
0.831477,156.986755,0.831477,16.189915
0.837102,165.878784,0.837102,16.756441
0.842727,172.214325,0.842727,16.022739
0.848352,180.819931,0.848352,16.971508
0.853977,187.799591,0.853977,16.608379
0.859602,188.793411,0.859602,15.147161
0.865227,187.404510,0.865227,14.370975
0.870853,187.688187,0.870853,16.334057
0.876478,182.192596,0.876478,16.934254
0.882103,177.357117,0.882103,15.823728
0.887728,172.504379,0.887728,16.338247
0.893353,163.725677,0.893353,15.322706
0.898978,156.638779,0.898978,14.630901
0.904603,148.717926,0.904603,14.787327
0.910228,138.703491,0.910228,15.006328
0.915853,129.348694,0.915853,15.489184
0.921478,121.468529,0.921478,14.165873
0.927104,112.805298,0.927104,12.763782
0.932729,102.281982,0.932729,14.692558
0.938354,93.798378,0.938354,15.236007
0.943979,87.349258,0.943979,14.100475
0.949604,80.140732,0.949604,13.376781
0.955229,73.518265,0.955229,12.661050
0.960854,70.512192,0.960854,12.316897
0.966479,67.278992,0.966479,12.321751
0.972104,61.785225,0.972104,11.791738
0.977730,58.907158,0.977730,14.016211
0.983355,56.074959,0.983355,13.751245
0.988980,52.882214,0.988980,12.170973
0.994605,51.209270,0.994605,11.580381
1.000230,49.177006,1.000230,12.768538
1.005855,47.013737,1.005855,13.098310
1.011480,48.392101,1.011480,12.833764
1.017105,48.849209,1.017105,11.661820
1.022730,49.259892,1.022730,10.987142
1.028356,50.204590,1.028356,11.565918
1.033981,49.585632,1.033981,11.970372
1.039606,49.509869,1.039606,11.732485
1.045231,50.705231,1.045231,11.844822
1.050856,54.520508,1.050856,11.472239
1.056481,55.829273,1.056481,11.089012
1.062106,55.895546,1.062106,10.755653
1.067731,59.287601,1.067731,10.079052
1.073356,63.636196,1.073356,11.110320
1.078981,64.683937,1.078981,12.973963
1.084607,64.809486,1.084607,13.000067
1.090232,66.681435,1.090232,11.168771
1.095857,69.547050,1.095857,13.338503
1.101482,72.731949,1.101482,13.433999
1.107107,74.003716,1.107107,11.867055
1.112732,74.877556,1.112732,12.742833
1.118357,77.115479,1.118357,12.448374
1.123982,78.871346,1.123982,11.101418
1.129607,80.078583,1.129607,12.558813
1.135233,80.336899,1.135233,12.533720
1.140858,80.157951,1.140858,12.290554
1.146483,82.070702,1.146483,12.680604
1.152108,81.801888,1.152108,13.439520
1.157733,82.310463,1.157733,13.304059
1.163358,83.572845,1.163358,13.421775
1.168983,84.613144,1.168983,12.389950
1.174608,84.876350,1.174608,11.805022
1.180233,83.256607,1.180233,11.328028
1.185859,83.585388,1.185859,10.217544
1.191484,81.481323,1.191484,11.813731
1.197109,79.764381,1.197109,12.044024
1.202734,81.739311,1.202734,11.804538
1.208359,81.338661,1.208359,11.442538
1.213984,79.261513,1.213984,10.884705
1.219609,79.067863,1.219609,10.359982
1.225234,78.158661,1.225234,9.874282
1.230859,75.149055,1.230859,9.762025
1.236485,73.645027,1.236485,10.210543
1.242110,71.916771,1.242110,10.319712
1.247735,69.354996,1.247735,10.868741
1.253360,67.860733,1.253360,10.773173
1.258985,66.149834,1.258985,10.878174
1.264610,65.010620,1.264610,11.568872
1.270235,64.234993,1.270235,11.939265
1.275860,62.693203,1.275860,11.489375
1.281485,60.572697,1.281485,11.091152
1.287110,59.393650,1.287110,11.148471
1.292736,56.518188,1.292736,11.755835
1.298361,55.635372,1.298361,11.947248
1.303986,55.241470,1.303986,12.112522
1.309611,53.886108,1.309611,12.223712
1.315236,52.970020,1.315236,11.313425
1.320861,49.017563,1.320861,10.629951
1.326486,46.988434,1.326486,9.353567
1.332111,46.428913,1.332111,8.981041
1.337736,43.325920,1.337736,11.213408
1.343362,42.549198,1.343362,13.096639
1.348987,41.277393,1.348987,10.677651
1.354612,37.778267,1.354612,9.290930
1.360237,36.571014,1.360237,7.609429
1.365862,37.096436,1.365862,7.215036
1.371487,35.799942,1.371487,10.060401
1.377112,32.575989,1.377112,10.625584
1.382737,31.539801,1.382737,10.139919
1.388362,31.053179,1.388362,10.136907
1.393988,29.589087,1.393988,12.367763
1.399613,27.223030,1.399613,11.993520
1.405238,25.478882,1.405238,9.239308
1.410863,24.642004,1.410863,10.547739
1.416488,24.684795,1.416488,11.796837
1.422113,24.547176,1.422113,10.726080
1.427738,22.578842,1.427738,11.679254
1.433363,22.335798,1.433363,10.557816
1.438988,20.452028,1.438988,9.394564
1.444613,20.145338,1.444613,9.030701
1.450239,20.318361,1.450239,9.001791
1.455864,19.237854,1.455864,8.224799
1.461489,19.448139,1.461489,9.150028
1.467114,19.277210,1.467114,9.944448
1.472739,19.035669,1.472739,9.293591
1.478364,19.189293,1.478364,8.771157
1.483989,20.558962,1.483989,10.341832
1.489614,20.215221,1.489614,11.949542
1.495239,17.876942,1.495239,9.683118
1.500865,16.717882,1.500865,7.825111
1.506490,16.555172,1.506490,8.799754
1.512115,16.314589,1.512115,8.746851
1.517740,15.800509,1.517740,9.219599
1.523365,17.672384,1.523365,11.353060
1.528990,17.498821,1.528990,12.104112
1.534615,18.395891,1.534615,11.523799
1.540240,19.820337,1.540240,10.013090
1.545865,19.339233,1.545865,10.707098
1.551491,19.378077,1.551491,11.520182
1.557116,22.317865,1.557116,10.789319
1.562741,22.016323,1.562741,10.529637
1.568366,19.971737,1.568366,8.257232
1.573991,19.158674,1.573991,8.185895
1.579616,19.303339,1.579616,8.380301
1.585241,19.832264,1.585241,8.165712
1.590866,18.950842,1.590866,8.210381
1.596491,18.589220,1.596491,9.537910
1.602117,16.211029,1.602117,9.977256
1.607742,17.721195,1.607742,9.201452
1.613367,19.996861,1.613367,8.661460
1.618992,20.401531,1.618992,8.772999
1.624617,21.522470,1.624617,7.837400
1.630242,22.864361,1.630242,8.420476
1.635867,23.117138,1.635867,6.670623
1.641492,21.121197,1.641492,5.408387
1.647117,20.220425,1.647117,6.851843
1.652742,18.110111,1.652742,8.705424
1.658368,16.991583,1.658368,7.078492
1.663993,16.174753,1.663993,8.268744
1.669618,14.823605,1.669618,8.335469
1.675243,13.735351,1.675243,6.532434
1.680868,12.773384,1.680868,7.145296
1.686493,12.013900,1.686493,7.285965
1.692118,12.566609,1.692118,7.201246
1.697743,12.915005,1.697743,7.952306
1.703368,11.484056,1.703368,8.728612
1.708994,12.932274,1.708994,7.313128
1.714619,8.867596,1.714619,7.692224
1.720244,12.573011,1.720244,7.542622
1.725869,15.972946,1.725869,7.051279
1.731494,16.808439,1.731494,7.041671
1.737119,0.000000,1.737119,6.819806
1.742744,0.000000,1.742744,6.175595
1.748369,0.000000,1.748369,7.029044
1.753994,0.000000,1.753994,8.123745
1.759620,0.000000,1.759620,7.503654
1.765245,0.000000,1.765245,7.112842
1.770870,0.000000,1.770870,7.292654
1.776495,0.000000,1.776495,7.247291
1.782120,0.000000,1.782120,7.704489
1.787745,0.000000,1.787745,6.587738
1.793370,0.000000,1.793370,7.565241
1.798995,0.000000,1.798995,7.732653
1.804620,0.000000,1.804620,6.597164
1.810245,0.000000,1.810245,9.014645
1.815871,0.000000,1.815871,9.727744
1.821496,0.000000,1.821496,5.652648
1.827121,0.000000,1.827121,4.917008
1.832746,0.000000,1.832746,6.254395
1.838371,0.000000,1.838371,7.692935
1.843996,0.000000,1.843996,6.648165
1.849621,0.000000,1.849621,6.209459
1.855246,0.000000,1.855246,7.799630
1.860871,0.000000,1.860871,8.312757
1.866497,0.000000,1.866497,7.377347
1.872122,0.000000,1.872122,7.720133
1.877747,0.000000,1.877747,8.619577
1.883372,0.000000,1.883372,8.943265
1.888997,0.000000,1.888997,6.216160
1.894622,0.000000,1.894622,7.639483
1.900247,0.000000,1.900247,8.445805
1.905872,0.000000,1.905872,6.716970
1.911497,0.000000,1.911497,6.677999
1.917123,0.000000,1.917123,4.478213
1.922748,0.000000,1.922748,3.834175
1.928373,0.000000,1.928373,6.147979
1.933998,0.000000,1.933998,8.120252
1.939623,0.000000,1.939623,4.749128
1.945248,0.000000,1.945248,5.610330
1.950873,0.000000,1.950873,9.265376
1.956498,0.000000,1.956498,7.009812
1.962123,0.000000,1.962123,4.247444
1.967748,0.000000,1.967748,5.102031
1.973374,0.000000,1.973374,7.179861
1.978999,0.000000,1.978999,5.433481
1.984624,0.000000,1.984624,4.294960
1.990249,0.000000,1.990249,4.916575
1.995874,0.000000,1.995874,5.510641
2.001499,0.000000,2.001499,6.785893
2.007124,0.000000,2.007124,7.304697
2.012749,0.000000,2.012749,6.456690
2.018374,0.000000,2.018374,7.763258
2.024000,0.000000,2.024000,9.048638
2.029625,0.000000,2.029625,8.478488
2.035250,0.000000,2.035250,8.414033
2.040875,0.000000,2.040875,7.400762
2.046500,0.000000,2.046500,6.418672
2.052125,0.000000,2.052125,6.006474
2.057750,0.000000,2.057750,6.681369
2.063375,0.000000,2.063375,6.533541
2.069000,0.000000,2.069000,6.175426
2.074626,0.000000,2.074626,7.450285
2.080251,0.000000,2.080251,6.832387
2.085876,0.000000,2.085876,5.846160
2.091501,0.000000,2.091501,6.686691
2.097126,0.000000,2.097126,6.374935
2.102751,0.000000,2.102751,7.673046
2.108376,0.000000,2.108376,8.380944
2.114001,0.000000,2.114001,7.917238
2.119626,0.000000,2.119626,7.384261
2.125252,0.000000,2.125252,6.660233
2.130877,0.000000,2.130877,7.697705
2.136502,0.000000,2.136502,7.902235
2.142127,0.000000,2.142127,6.487564
2.147752,0.000000,2.147752,7.674194
2.153377,0.000000,2.153377,8.237351
2.159002,0.000000,2.159002,7.090405
2.164627,0.000000,2.164627,7.284750
2.170252,0.000000,2.170252,7.093072
2.175877,0.000000,2.175877,7.245688
2.181503,0.000000,2.181503,7.236739
2.187128,0.000000,2.187128,7.287275
2.192753,0.000000,2.192753,6.851350
2.198378,0.000000,2.198378,6.969760
2.204003,0.000000,2.204003,6.628468
2.209628,0.000000,2.209628,7.831962
2.215253,0.000000,2.215253,7.930529
2.220878,0.000000,2.220878,6.928957
2.226503,0.000000,2.226503,7.246639
2.232129,0.000000,2.232129,6.900999
2.237754,0.000000,2.237754,8.233140
2.243379,0.000000,2.243379,8.875193
2.249004,0.000000,2.249004,7.629167
2.254629,0.000000,2.254629,7.520345
2.260254,0.000000,2.260254,7.314176
2.265879,0.000000,2.265879,7.589144
2.271504,0.000000,2.271504,7.568047
2.277129,0.000000,2.277129,7.483866
2.282755,0.000000,2.282755,7.812823
2.288380,0.000000,2.288380,6.848678
2.294005,0.000000,2.294005,8.830808
2.299630,0.000000,2.299630,8.359024
2.305255,0.000000,2.305255,6.823671
2.310880,0.000000,2.310880,7.459961
2.316505,0.000000,2.316505,8.226099
2.322130,0.000000,2.322130,8.173476
2.327755,0.000000,2.327755,7.185010
2.333380,0.000000,2.333380,6.433497
2.339006,0.000000,2.339006,6.878593
2.344631,0.000000,2.344631,7.580816
2.350256,0.000000,2.350256,7.094109
2.355881,0.000000,2.355881,6.475586
2.361506,0.000000,2.361506,6.566435
2.367131,0.000000,2.367131,6.771186
2.372756,0.000000,2.372756,7.538768
2.378381,0.000000,2.378381,8.043344
2.384006,0.000000,2.384006,7.748705
2.389632,0.000000,2.389632,6.180850
2.395257,0.000000,2.395257,6.495532
2.400882,0.000000,2.400882,7.417899
2.406507,0.000000,2.406507,6.550173
2.412132,0.000000,2.412132,7.261839
2.417757,0.000000,2.417757,6.843874
2.423382,0.000000,2.423382,6.435389
2.429007,0.000000,2.429007,7.858628
2.434632,0.000000,2.434632,8.352693
2.440258,0.000000,2.440258,7.909344
2.445883,0.000000,2.445883,6.810333
2.451508,0.000000,2.451508,5.851010
2.457133,0.000000,2.457133,6.423086
2.462758,0.000000,2.462758,7.361783
2.468383,0.000000,2.468383,6.591745
2.474008,0.000000,2.474008,6.079937
2.479633,0.000000,2.479633,7.047672
2.485258,0.000000,2.485258,7.602004
2.490884,0.000000,2.490884,7.508648
2.496509,0.000000,2.496509,7.670199
2.502134,0.000000,2.502134,8.099100
2.507759,0.000000,2.507759,7.734518
2.513384,0.000000,2.513384,7.411486
2.519009,0.000000,2.519009,8.036325
2.524634,0.000000,2.524634,6.881084
2.530259,0.000000,2.530259,6.767399
2.535884,0.000000,2.535884,7.114479
2.541509,0.000000,2.541509,7.275990
2.547135,0.000000,2.547135,7.745728
2.552760,0.000000,2.552760,8.163008
2.558385,0.000000,2.558385,7.540070
2.564010,0.000000,2.564010,7.596927
2.569635,0.000000,2.569635,7.461363
2.575260,0.000000,2.575260,7.692054
2.580885,0.000000,2.580885,7.154859
2.586510,0.000000,2.586510,6.052115
2.592135,0.000000,2.592135,6.976506
2.597761,0.000000,2.597761,8.015777
2.603386,0.000000,2.603386,8.195154
2.609011,0.000000,2.609011,8.923176
2.614636,0.000000,2.614636,8.640670
2.620261,0.000000,2.620261,7.007161
2.625886,0.000000,2.625886,6.770572
2.631511,0.000000,2.631511,7.737519
2.637136,0.000000,2.637136,8.409830
2.642761,0.000000,2.642761,7.097083
2.648387,0.000000,2.648387,6.194127
2.654012,0.000000,2.654012,6.157741
2.659637,0.000000,2.659637,7.689448
2.665262,0.000000,2.665262,7.866421
2.670887,0.000000,2.670887,8.558694
2.676512,0.000000,2.676512,8.152619
2.682137,0.000000,2.682137,7.136435
2.687762,0.000000,2.687762,6.172246
2.693387,0.000000,2.693387,6.608250
2.699012,0.000000,2.699012,7.310863
2.704638,0.000000,2.704638,6.175588
2.710263,0.000000,2.710263,5.585362
2.715888,0.000000,2.715888,6.149845
2.721513,0.000000,2.721513,6.042288
2.727138,0.000000,2.727138,6.457724
2.732763,0.000000,2.732763,7.925598
2.738388,0.000000,2.738388,8.137789
2.744013,0.000000,2.744013,7.513934
2.749638,0.000000,2.749638,7.005552
2.755264,0.000000,2.755264,7.153131
2.760889,0.000000,2.760889,7.020945
2.766514,0.000000,2.766514,6.609868
2.772139,0.000000,2.772139,6.702408
2.777764,0.000000,2.777764,6.579869
2.783389,0.000000,2.783389,7.044089
2.789014,0.000000,2.789014,8.034912
2.794639,0.000000,2.794639,7.342031
2.800264,0.000000,2.800264,6.868963
2.805890,0.000000,2.805890,6.857483
2.811515,0.000000,2.811515,6.835570
2.817140,0.000000,2.817140,7.920423
2.822765,0.000000,2.822765,7.105544
2.828390,0.000000,2.828390,6.889303
2.834015,0.000000,2.834015,6.746231
2.839640,0.000000,2.839640,7.680469
2.845265,0.000000,2.845265,8.099426
2.850890,0.000000,2.850890,7.350808
2.856516,0.000000,2.856516,6.445774
2.862141,0.000000,2.862141,6.044208
2.867766,0.000000,2.867766,7.003380
2.873391,0.000000,2.873391,8.874556
2.879016,0.000000,2.879016,7.302088
2.884641,0.000000,2.884641,5.387013
2.890266,0.000000,2.890266,6.251469
2.895891,0.000000,2.895891,7.332396
2.901516,0.000000,2.901516,7.170348
2.907141,0.000000,2.907141,7.090179
2.912767,0.000000,2.912767,6.586208
2.918392,0.000000,2.918392,6.215403
2.924017,0.000000,2.924017,6.294704
2.929642,0.000000,2.929642,6.172850
2.935267,0.000000,2.935267,6.791305
2.940892,0.000000,2.940892,7.316097
2.946517,0.000000,2.946517,7.101660
2.952142,0.000000,2.952142,6.539807
2.957767,0.000000,2.957767,6.489640
2.963393,0.000000,2.963393,7.312612
2.969018,0.000000,2.969018,7.310694
2.974643,0.000000,2.974643,7.940921
2.980268,0.000000,2.980268,7.836624
2.985893,0.000000,2.985893,8.457231
2.991518,0.000000,2.991518,7.376925
2.997143,0.000000,2.997143,6.868498
3.002768,0.000000,3.002768,7.220589
3.008393,0.000000,3.008393,7.691772
3.014019,0.000000,3.014019,6.995972
3.019644,0.000000,3.019644,6.783378
3.025269,0.000000,3.025269,7.450521
3.030894,0.000000,3.030894,7.640427
3.036519,0.000000,3.036519,8.032055
3.042144,0.000000,3.042144,8.221701
3.047769,0.000000,3.047769,8.069650
3.053394,0.000000,3.053394,7.149902
3.059019,0.000000,3.059019,7.421309
3.064644,0.000000,3.064644,8.581028
3.070270,0.000000,3.070270,10.257904
3.075895,0.000000,3.075895,10.178101
3.081520,0.000000,3.081520,9.302094
3.087145,0.000000,3.087145,10.678984
3.092770,0.000000,3.092770,11.422300
3.098395,0.000000,3.098395,10.119406
3.104020,0.000000,3.104020,9.726618
3.109645,0.000000,3.109645,10.070088
3.115270,0.000000,3.115270,9.385899
3.120896,0.000000,3.120896,8.587768
3.126521,0.000000,3.126521,7.635831
3.132146,0.000000,3.132146,7.784939
3.137771,0.000000,3.137771,7.529251
3.143396,0.000000,3.143396,6.734529
3.149021,0.000000,3.149021,7.212723
3.154646,0.000000,3.154646,8.284737
3.160271,0.000000,3.160271,7.899290
3.165896,0.000000,3.165896,8.201937
3.171522,0.000000,3.171522,6.561033
3.177147,0.000000,3.177147,6.452509
3.182772,0.000000,3.182772,7.117435
3.188397,0.000000,3.188397,6.256175
3.194022,0.000000,3.194022,6.512902
3.199647,0.000000,3.199647,7.006886
3.205272,0.000000,3.205272,7.294852
3.210897,0.000000,3.210897,7.101492
3.216522,0.000000,3.216522,6.369881
3.222148,0.000000,3.222148,6.775845
3.227773,0.000000,3.227773,6.948214
3.233398,0.000000,3.233398,6.574853
3.239023,0.000000,3.239023,6.867136
3.244648,0.000000,3.244648,7.286307
3.250273,0.000000,3.250273,7.351027
3.255898,0.000000,3.255898,6.960099
3.261523,0.000000,3.261523,6.922998
3.267148,0.000000,3.267148,7.100135
3.272773,0.000000,3.272773,7.986909
3.278399,0.000000,3.278399,8.503105
3.284024,0.000000,3.284024,7.083815
3.289649,0.000000,3.289649,6.805185
3.295274,0.000000,3.295274,8.060664
3.300899,0.000000,3.300899,7.901254
3.306524,0.000000,3.306524,7.138135
3.312149,0.000000,3.312149,7.174296
3.317774,0.000000,3.317774,6.960440
3.323399,0.000000,3.323399,7.188062
3.329025,0.000000,3.329025,7.226015
3.334650,0.000000,3.334650,6.612341
3.340275,0.000000,3.340275,7.080049
3.345900,0.000000,3.345900,7.162921
3.351525,0.000000,3.351525,6.589686
3.357150,0.000000,3.357150,6.916037
3.362775,0.000000,3.362775,7.146885
3.368400,0.000000,3.368400,6.793250
3.374025,0.000000,3.374025,6.624609
3.379651,0.000000,3.379651,6.880778
3.385276,0.000000,3.385276,6.466031
3.390901,0.000000,3.390901,5.561184
3.396526,0.000000,3.396526,6.582975
3.402151,0.000000,3.402151,6.992873
3.407776,0.000000,3.407776,6.834204
3.413401,0.000000,3.413401,6.281749
3.419026,0.000000,3.419026,7.112415
3.424651,0.000000,3.424651,6.493369
3.430276,0.000000,3.430276,6.301410
3.435902,0.000000,3.435902,6.940916
3.441527,0.000000,3.441527,6.016134
3.447152,0.000000,3.447152,5.371672
3.452777,0.000000,3.452777,6.547619
3.458402,0.000000,3.458402,7.166281
3.464027,0.000000,3.464027,7.079823
3.469652,0.000000,3.469652,6.263094
3.475277,0.000000,3.475277,5.921262
3.480902,0.000000,3.480902,5.880537
3.486528,0.000000,3.486528,6.962033
3.492153,0.000000,3.492153,6.879619
3.497778,0.000000,3.497778,6.545712
3.503403,0.000000,3.503403,8.375950
3.509028,0.000000,3.509028,8.254045
3.514653,0.000000,3.514653,6.803043
3.520278,0.000000,3.520278,5.656288
3.525903,0.000000,3.525903,5.543988
3.531528,0.000000,3.531528,5.383734
3.537154,0.000000,3.537154,5.648595
3.542779,0.000000,3.542779,5.970611
3.548404,0.000000,3.548404,6.270588
3.554029,0.000000,3.554029,6.663316
3.559654,0.000000,3.559654,7.879551
3.565279,0.000000,3.565279,6.586843
3.570904,0.000000,3.570904,5.150756
3.576529,0.000000,3.576529,5.873234
3.582154,0.000000,3.582154,5.917413
3.587779,0.000000,3.587779,4.877203
3.593405,0.000000,3.593405,6.376444
3.599030,0.000000,3.599030,6.443277
3.604655,0.000000,3.604655,7.354379
3.610280,0.000000,3.610280,6.014482
3.615905,0.000000,3.615905,5.566224
3.621530,0.000000,3.621530,5.811205
3.627155,0.000000,3.627155,6.022401
3.632780,0.000000,3.632780,6.749124
3.638405,0.000000,3.638405,6.475372
3.644031,0.000000,3.644031,6.429875
3.649656,0.000000,3.649656,6.087102
3.655281,0.000000,3.655281,5.943422
3.660906,0.000000,3.660906,5.939564
3.666531,0.000000,3.666531,6.321519
3.672156,0.000000,3.672156,6.389502
3.677781,0.000000,3.677781,5.791375
3.683406,0.000000,3.683406,5.739485
3.689031,0.000000,3.689031,5.741090
3.694657,0.000000,3.694657,6.450625
3.700282,0.000000,3.700282,6.864738
3.705907,0.000000,3.705907,6.103821
3.711532,0.000000,3.711532,6.612562
3.717157,0.000000,3.717157,6.645963
3.722782,0.000000,3.722782,6.136884
3.728407,0.000000,3.728407,5.868010
3.734032,0.000000,3.734032,6.054596
3.739657,0.000000,3.739657,6.807377
3.745283,0.000000,3.745283,6.427149
3.750908,0.000000,3.750908,5.735047
3.756533,0.000000,3.756533,5.492933
3.762158,0.000000,3.762158,5.495803
3.767783,0.000000,3.767783,6.168728
3.773408,0.000000,3.773408,6.170691
3.779033,0.000000,3.779033,5.520022
3.784658,0.000000,3.784658,6.043716
3.790283,0.000000,3.790283,6.616146
3.795908,0.000000,3.795908,6.327641
3.801534,0.000000,3.801534,6.309312
3.807159,0.000000,3.807159,7.399724
3.812784,0.000000,3.812784,7.435111
3.818409,0.000000,3.818409,7.016980
3.824034,0.000000,3.824034,6.290263
3.829659,0.000000,3.829659,6.543639
3.835284,0.000000,3.835284,7.034396
3.840909,0.000000,3.840909,6.809479
3.846534,0.000000,3.846534,6.310297
3.852160,0.000000,3.852160,6.467616
3.857785,0.000000,3.857785,6.689731
3.863410,0.000000,3.863410,6.460334
3.869035,0.000000,3.869035,7.150173
3.874660,0.000000,3.874660,7.103812
3.880285,0.000000,3.880285,6.617838
3.885910,0.000000,3.885910,6.799276
3.891535,0.000000,3.891535,6.739777
3.897160,0.000000,3.897160,6.103977
3.902786,0.000000,3.902786,6.231560
3.908411,0.000000,3.908411,7.055292
3.914036,0.000000,3.914036,6.149740
3.919661,0.000000,3.919661,6.229491
3.925286,0.000000,3.925286,6.881683
3.930911,0.000000,3.930911,7.292674
3.936536,0.000000,3.936536,7.031765
3.942161,0.000000,3.942161,6.873810
3.947786,0.000000,3.947786,6.182965
3.953411,0.000000,3.953411,6.571970
3.959037,0.000000,3.959037,6.547832
3.964662,0.000000,3.964662,6.561491
3.970287,0.000000,3.970287,7.544577
3.975912,0.000000,3.975912,7.349245
3.981537,0.000000,3.981537,6.904296
3.987162,0.000000,3.987162,5.986216
3.992787,0.000000,3.992787,6.407658
3.998412,0.000000,3.998412,7.407870
4.004037,0.000000,4.004037,7.503653
4.009663,0.000000,4.009663,7.663538
4.015288,0.000000,4.015288,6.604924
4.020913,0.000000,4.020913,6.404933
4.026538,0.000000,4.026538,6.348581
4.032163,0.000000,4.032163,6.476235
4.037788,0.000000,4.037788,6.807185
4.043413,0.000000,4.043413,6.945026
4.049038,0.000000,4.049038,6.193923
4.054663,0.000000,4.054663,5.872056
4.060289,0.000000,4.060289,6.126320
4.065914,0.000000,4.065914,6.352777
4.071539,0.000000,4.071539,6.021461
4.077164,0.000000,4.077164,6.114070
4.082789,0.000000,4.082789,6.969578
4.088414,0.000000,4.088414,6.179712
4.094039,0.000000,4.094039,6.064653
4.099664,0.000000,4.099664,6.505710
4.105289,0.000000,4.105289,5.674844
4.110915,0.000000,4.110915,6.479306
4.116540,0.000000,4.116540,7.014409
4.122165,0.000000,4.122165,6.365192
4.127790,0.000000,4.127790,7.206489
4.133415,0.000000,4.133415,7.193966
4.139040,0.000000,4.139040,6.806051
4.144665,0.000000,4.144665,6.210827
4.150290,0.000000,4.150290,5.194993
4.155915,0.000000,4.155915,6.051247
4.161540,0.000000,4.161540,7.359541
4.167166,0.000000,4.167166,6.225547
4.172791,0.000000,4.172791,5.353886
4.178416,0.000000,4.178416,6.431611
4.184041,0.000000,4.184041,6.680742
4.189666,0.000000,4.189666,6.142406
4.195291,0.000000,4.195291,6.148540
4.200916,0.000000,4.200916,6.341978
4.206541,0.000000,4.206541,6.082559
4.212166,0.000000,4.212166,6.223752
4.217792,0.000000,4.217792,6.041509
4.223417,0.000000,4.223417,5.644517
4.229042,0.000000,4.229042,6.299609
4.234667,0.000000,4.234667,6.583490
4.240292,0.000000,4.240292,6.064534
4.245917,0.000000,4.245917,5.907709
4.251542,0.000000,4.251542,6.291057
4.257167,0.000000,4.257167,6.296850
4.262792,0.000000,4.262792,6.250676
4.268418,0.000000,4.268418,6.171525
4.274043,0.000000,4.274043,5.558833
4.279668,0.000000,4.279668,5.175976
4.285293,0.000000,4.285293,5.335207
4.290918,0.000000,4.290918,5.762763
4.296543,0.000000,4.296543,6.190825
4.302168,0.000000,4.302168,6.208543
4.307793,0.000000,4.307793,5.608875
4.313418,0.000000,4.313418,6.139120
4.319043,0.000000,4.319043,5.826035
4.324669,0.000000,4.324669,6.133641
4.330294,0.000000,4.330294,6.118595
4.335919,0.000000,4.335919,5.455570
4.341544,0.000000,4.341544,6.115808
4.347169,0.000000,4.347169,6.311136
4.352794,0.000000,4.352794,6.615938
4.358419,0.000000,4.358419,7.176732
4.364044,0.000000,4.364044,7.645469
4.369669,0.000000,4.369669,7.269327
4.375295,0.000000,4.375295,6.485919
4.380920,0.000000,4.380920,6.050536
4.386545,0.000000,4.386545,5.759021
4.392170,0.000000,4.392170,6.478581
4.397795,0.000000,4.397795,6.815901
4.403420,0.000000,4.403420,6.135640
4.409045,0.000000,4.409045,5.330050
4.414670,0.000000,4.414670,5.562223
4.420295,0.000000,4.420295,6.105731
4.425921,0.000000,4.425921,6.504705
4.431546,0.000000,4.431546,7.035229
4.437171,0.000000,4.437171,6.311268
4.442796,0.000000,4.442796,5.970470
4.448421,0.000000,4.448421,6.754464
4.454046,0.000000,4.454046,7.323277
4.459671,0.000000,4.459671,6.450826
4.465296,0.000000,4.465296,5.517577
4.470921,0.000000,4.470921,6.200968
4.476547,0.000000,4.476547,6.954670
4.482172,0.000000,4.482172,6.945527
4.487797,0.000000,4.487797,6.984117
4.493422,0.000000,4.493422,7.122357
4.499047,0.000000,4.499047,6.337280
4.504672,0.000000,4.504672,6.340306
4.510297,0.000000,4.510297,6.314946
4.515922,0.000000,4.515922,6.515064
4.521547,0.000000,4.521547,7.959291
4.527172,0.000000,4.527172,8.561334
4.532798,0.000000,4.532798,9.341958
4.538423,0.000000,4.538423,10.309400
4.544048,0.000000,4.544048,10.950575
4.549673,0.000000,4.549673,9.997501
4.555298,0.000000,4.555298,9.028072
4.560923,0.000000,4.560923,8.934258
4.566548,0.000000,4.566548,8.115609
4.572173,0.000000,4.572173,8.206030
4.577798,0.000000,4.577798,8.207598
4.583424,0.000000,4.583424,8.909718
4.589049,0.000000,4.589049,8.742699
4.594674,0.000000,4.594674,8.602415
4.600299,0.000000,4.600299,8.518587
4.605924,0.000000,4.605924,8.269592
4.611549,0.000000,4.611549,8.578084
4.617174,0.000000,4.617174,9.025019
4.622799,0.000000,4.622799,8.837368
4.628424,0.000000,4.628424,7.792215
4.634050,0.000000,4.634050,6.508468
4.639675,0.000000,4.639675,6.651915
4.645300,0.000000,4.645300,7.254305
4.650925,0.000000,4.650925,6.819686
4.656550,0.000000,4.656550,6.677667
4.662175,0.000000,4.662175,6.464400
4.667800,0.000000,4.667800,6.457909
4.673425,0.000000,4.673425,6.605899
4.679050,0.000000,4.679050,6.585042
4.684675,0.000000,4.684675,7.115484
4.690301,0.000000,4.690301,6.643695
4.695926,0.000000,4.695926,6.876199
4.701551,0.000000,4.701551,7.278368
4.707176,0.000000,4.707176,7.230781
4.712801,0.000000,4.712801,5.799101
4.718426,0.000000,4.718426,5.281762
4.724051,0.000000,4.724051,5.622501
4.729676,0.000000,4.729676,6.268087
4.735301,0.000000,4.735301,6.025797
4.740927,0.000000,4.740927,6.191710
4.746552,0.000000,4.746552,6.096029
4.752177,0.000000,4.752177,6.032029
4.757802,0.000000,4.757802,6.937624
4.763427,0.000000,4.763427,6.366858
4.769052,0.000000,4.769052,6.632499
4.774677,0.000000,4.774677,6.751122
4.780302,0.000000,4.780302,6.850600
4.785927,0.000000,4.785927,6.336782
4.791553,0.000000,4.791553,5.747276
4.797178,0.000000,4.797178,5.963287
4.802803,0.000000,4.802803,5.751156
4.808428,0.000000,4.808428,5.573174
4.814053,0.000000,4.814053,5.414136
4.819678,0.000000,4.819678,6.233122
4.825303,0.000000,4.825303,6.495096
4.830928,0.000000,4.830928,6.142939
4.836553,0.000000,4.836553,6.714623
4.842178,0.000000,4.842178,6.584232
4.847804,0.000000,4.847804,6.586390
4.853429,0.000000,4.853429,5.761111
4.859054,0.000000,4.859054,5.333767
4.864679,0.000000,4.864679,6.570000
4.870304,0.000000,4.870304,6.326285
4.875929,0.000000,4.875929,5.628931
4.881554,0.000000,4.881554,6.295854
4.887179,0.000000,4.887179,6.194734
4.892804,0.000000,4.892804,5.670816
4.898430,0.000000,4.898430,6.247107
4.904055,0.000000,4.904055,7.073642
4.909680,0.000000,4.909680,6.320312
4.915305,0.000000,4.915305,6.330309
4.920930,0.000000,4.920930,5.772888
4.926555,0.000000,4.926555,5.836763
4.932180,0.000000,4.932180,6.307719
4.937805,0.000000,4.937805,5.883534
4.943430,0.000000,4.943430,6.193761
4.949056,0.000000,4.949056,5.910567
4.954681,0.000000,4.954681,5.286087
4.960306,0.000000,4.960306,5.656364
4.965931,0.000000,4.965931,6.573071
4.971556,0.000000,4.971556,6.430118
4.977181,0.000000,4.977181,5.403810
4.982806,0.000000,4.982806,4.986268
4.988431,0.000000,4.988431,5.817390
4.994056,0.000000,4.994056,6.097507
4.999682,0.000000,4.999682,5.668115
5.005307,0.000000,5.005307,6.648707
5.010932,0.000000,5.010932,6.318863
5.016557,0.000000,5.016557,5.920293
5.022182,0.000000,5.022182,6.015537
5.027807,0.000000,5.027807,6.202784
5.033432,0.000000,5.033432,6.391057
5.039057,0.000000,5.039057,5.937539
5.044682,0.000000,5.044682,6.181777
5.050307,0.000000,5.050307,6.406232
5.055933,0.000000,5.055933,6.548794
5.061558,0.000000,5.061558,6.584094
5.067183,0.000000,5.067183,6.674220
5.072808,0.000000,5.072808,6.564621
5.078433,0.000000,5.078433,6.217639
5.084058,0.000000,5.084058,5.717528
5.089683,0.000000,5.089683,5.160760
5.095308,0.000000,5.095308,5.346549
5.100933,0.000000,5.100933,6.278569
5.106559,0.000000,5.106559,5.773234
5.112184,0.000000,5.112184,6.437820
5.117809,0.000000,5.117809,6.393113
5.123434,0.000000,5.123434,5.593256
5.129059,0.000000,5.129059,5.168516
5.134684,0.000000,5.134684,5.204660
5.140309,0.000000,5.140309,4.972121
5.145934,0.000000,5.145934,5.215797
5.151559,0.000000,5.151559,6.263701
5.157185,0.000000,5.157185,5.956813
5.162810,0.000000,5.162810,5.673117
5.168435,0.000000,5.168435,6.191641
5.174060,0.000000,5.174060,5.838375
5.179685,0.000000,5.179685,5.940564
5.185310,0.000000,5.185310,6.695655
5.190935,0.000000,5.190935,6.266984
5.196560,0.000000,5.196560,5.972749
5.202185,0.000000,5.202185,6.213320
5.207810,0.000000,5.207810,5.886361
5.213436,0.000000,5.213436,5.614719
5.219061,0.000000,5.219061,6.169400
5.224686,0.000000,5.224686,6.298021
5.230311,0.000000,5.230311,5.945786
5.235936,0.000000,5.235936,5.620749
5.241561,0.000000,5.241561,5.716046
5.247186,0.000000,5.247186,5.818902
5.252811,0.000000,5.252811,6.238298
5.258436,0.000000,5.258436,6.518576
5.264062,0.000000,5.264062,5.799945
5.269687,0.000000,5.269687,5.698864
5.275312,0.000000,5.275312,6.475361
5.280937,0.000000,5.280937,6.308355
5.286562,0.000000,5.286562,5.766230
5.292187,0.000000,5.292187,5.961232
5.297812,0.000000,5.297812,6.070181
5.303437,0.000000,5.303437,7.194640
5.309062,0.000000,5.309062,7.282000
5.314688,0.000000,5.314688,6.178418
5.320313,0.000000,5.320313,5.529126
5.325938,0.000000,5.325938,5.711443
5.331563,0.000000,5.331563,5.586297
5.337188,0.000000,5.337188,6.392127
5.342813,0.000000,5.342813,6.204155
5.348438,0.000000,5.348438,5.957901
5.354063,0.000000,5.354063,6.379689
5.359688,0.000000,5.359688,6.193445
5.365314,0.000000,5.365314,5.794730
5.370939,0.000000,5.370939,5.330978
5.376564,0.000000,5.376564,5.719174
5.382189,0.000000,5.382189,6.042806
5.387814,0.000000,5.387814,5.843858
5.393439,0.000000,5.393439,6.281191
5.399064,0.000000,5.399064,5.751049
5.404689,0.000000,5.404689,6.103743
5.410314,0.000000,5.410314,6.728654
5.415939,0.000000,5.415939,6.429054
5.421565,0.000000,5.421565,5.844118
5.427190,0.000000,5.427190,5.611606
5.432815,0.000000,5.432815,5.396335
5.438440,0.000000,5.438440,5.235350
5.444065,0.000000,5.444065,5.421274
5.449690,0.000000,5.449690,5.441516
5.455315,0.000000,5.455315,5.514615
5.460940,0.000000,5.460940,5.914458
5.466565,0.000000,5.466565,5.906324
5.472191,0.000000,5.472191,5.757922
5.477816,0.000000,5.477816,6.747680
5.483441,0.000000,5.483441,6.373250
5.489066,0.000000,5.489066,5.389967
5.494691,0.000000,5.494691,5.632032
5.500316,0.000000,5.500316,5.131215
5.505941,0.000000,5.505941,4.746941
5.511566,0.000000,5.511566,4.857387
5.517191,0.000000,5.517191,4.791342
5.522817,0.000000,5.522817,5.379883
5.528442,0.000000,5.528442,5.548549
5.534067,0.000000,5.534067,5.765107
5.539692,0.000000,5.539692,5.495340
5.545317,0.000000,5.545317,5.931863
5.550942,0.000000,5.550942,5.449883
5.556567,0.000000,5.556567,5.596661
5.562192,0.000000,5.562192,5.595748
5.567817,0.000000,5.567817,5.550282
5.573442,0.000000,5.573442,5.130996
5.579068,0.000000,5.579068,5.869528
5.584693,0.000000,5.584693,6.539186
5.590318,0.000000,5.590318,6.376121
5.595943,0.000000,5.595943,6.551223
5.601568,0.000000,5.601568,6.004006
5.607193,0.000000,5.607193,5.744346
5.612818,0.000000,5.612818,5.541593
5.618443,0.000000,5.618443,5.000573
5.624068,0.000000,5.624068,5.049488
5.629694,0.000000,5.629694,4.998237
5.635319,0.000000,5.635319,5.967214
5.640944,0.000000,5.640944,6.638427
5.646569,0.000000,5.646569,5.739177
5.652194,0.000000,5.652194,4.971416
5.657819,0.000000,5.657819,4.663572
5.663444,0.000000,5.663444,4.486725
5.669069,0.000000,5.669069,5.149593
5.674694,0.000000,5.674694,6.310865
5.680320,0.000000,5.680320,6.015329
5.685945,0.000000,5.685945,6.240647
5.691570,0.000000,5.691570,6.309696
5.697195,0.000000,5.697195,5.139632
5.702820,0.000000,5.702820,5.044686
5.708445,0.000000,5.708445,5.090807
5.714070,0.000000,5.714070,5.871081
5.719695,0.000000,5.719695,6.208942
5.725320,0.000000,5.725320,6.433774
5.730946,0.000000,5.730946,6.055659
5.736571,0.000000,5.736571,5.880208
5.742196,0.000000,5.742196,5.895082
5.747821,0.000000,5.747821,5.832063
5.753446,0.000000,5.753446,5.401915
5.759071,0.000000,5.759071,6.216981
5.764696,0.000000,5.764696,6.441839
5.770321,0.000000,5.770321,6.228077
5.775946,0.000000,5.775946,5.712495
5.781571,0.000000,5.781571,5.364589
5.787197,0.000000,5.787197,4.870180
5.792822,0.000000,5.792822,5.481037
5.798447,0.000000,5.798447,5.883748
5.804072,0.000000,5.804072,5.429929
5.809697,0.000000,5.809697,6.213452
5.815322,0.000000,5.815322,5.866814
5.820947,0.000000,5.820947,5.497240
5.826572,0.000000,5.826572,5.705350
5.832197,0.000000,5.832197,5.179696
5.837823,0.000000,5.837823,4.989835
5.843448,0.000000,5.843448,5.242166
5.849073,0.000000,5.849073,5.286116
5.854698,0.000000,5.854698,5.519202
5.860323,0.000000,5.860323,5.673769
5.865948,0.000000,5.865948,5.079646
5.871573,0.000000,5.871573,5.321046
5.877198,0.000000,5.877198,5.744966
5.882823,0.000000,5.882823,6.004903
5.888449,0.000000,5.888449,5.834443
5.894074,0.000000,5.894074,6.337519
5.899699,0.000000,5.899699,6.248786
5.905324,0.000000,5.905324,5.991119
5.910949,0.000000,5.910949,5.242906
5.916574,0.000000,5.916574,5.251257
5.922199,0.000000,5.922199,5.840043
5.927824,0.000000,5.927824,5.950976
5.933449,0.000000,5.933449,5.631347
5.939074,0.000000,5.939074,6.404989
5.944700,0.000000,5.944700,6.213918
5.950325,0.000000,5.950325,5.854928
5.955950,0.000000,5.955950,6.484743
5.961575,0.000000,5.961575,6.283456
5.967200,0.000000,5.967200,5.623271
5.972825,0.000000,5.972825,5.484562
5.978450,0.000000,5.978450,4.980261
5.984075,0.000000,5.984075,4.588241
5.989700,0.000000,5.989700,5.509347
5.995326,0.000000,5.995326,6.406287
6.000951,0.000000,6.000951,6.135874
6.006576,0.000000,6.006576,6.350076
6.012201,0.000000,6.012201,7.216082
6.017826,0.000000,6.017826,8.871569
6.023451,0.000000,6.023451,12.265924
6.029076,0.000000,6.029076,15.355515
6.034701,0.000000,6.034701,16.724796
6.040326,0.000000,6.040326,15.896029
6.045952,0.000000,6.045952,13.255574
6.051577,0.000000,6.051577,11.348973
6.057202,0.000000,6.057202,10.148894
6.062827,0.000000,6.062827,10.155038
6.068452,0.000000,6.068452,9.085645
6.074077,0.000000,6.074077,8.303376
6.079702,0.000000,6.079702,8.108888
6.085327,0.000000,6.085327,7.638587
6.090952,0.000000,6.090952,8.137190
6.096578,0.000000,6.096578,8.295467
6.102203,0.000000,6.102203,7.665412
6.107828,0.000000,6.107828,7.084226
6.113453,0.000000,6.113453,6.266317
6.119078,0.000000,6.119078,6.886870
6.124703,0.000000,6.124703,6.826716
6.130328,0.000000,6.130328,6.917377
6.135953,0.000000,6.135953,6.855145
6.141578,0.000000,6.141578,6.625652
6.147203,0.000000,6.147203,6.120631
6.152829,0.000000,6.152829,5.859426
6.158454,0.000000,6.158454,6.213035
6.164079,0.000000,6.164079,6.665750
6.169704,0.000000,6.169704,6.427360
6.175329,0.000000,6.175329,6.689104
6.180954,0.000000,6.180954,5.666307
6.186579,0.000000,6.186579,5.744566
6.192204,0.000000,6.192204,6.369707
6.197829,0.000000,6.197829,5.757565
6.203455,0.000000,6.203455,6.049518
6.209080,0.000000,6.209080,6.132665
6.214705,0.000000,6.214705,6.354903
6.220330,0.000000,6.220330,5.979400
6.225955,0.000000,6.225955,5.763992
6.231580,0.000000,6.231580,5.735596
6.237205,0.000000,6.237205,5.862348
6.242830,0.000000,6.242830,5.718931
6.248455,0.000000,6.248455,5.593728
6.254081,0.000000,6.254081,5.878804
6.259706,0.000000,6.259706,6.295168
6.265331,0.000000,6.265331,6.493130
6.270956,0.000000,6.270956,6.591677
6.276581,0.000000,6.276581,6.492734
6.282206,0.000000,6.282206,5.954711
6.287831,0.000000,6.287831,5.292114
6.293456,0.000000,6.293456,4.794821
6.299081,0.000000,6.299081,4.993690
6.304706,0.000000,6.304706,5.577576
6.310332,0.000000,6.310332,5.281062
6.315957,0.000000,6.315957,5.713833
6.321582,0.000000,6.321582,5.418135
6.327207,0.000000,6.327207,5.574473
6.332832,0.000000,6.332832,6.301308
6.338457,0.000000,6.338457,6.303659
6.344082,0.000000,6.344082,5.963985
6.349707,0.000000,6.349707,6.002038
6.355332,0.000000,6.355332,5.699874
6.360958,0.000000,6.360958,5.314717
6.366583,0.000000,6.366583,5.737165
6.372208,0.000000,6.372208,5.579073
6.377833,0.000000,6.377833,5.736019
6.383458,0.000000,6.383458,5.949621
6.389083,0.000000,6.389083,5.550878
6.394708,0.000000,6.394708,5.260020
6.400333,0.000000,6.400333,4.826733
6.405958,0.000000,6.405958,5.227028
6.411584,0.000000,6.411584,5.877417
6.417209,0.000000,6.417209,5.988275
6.422834,0.000000,6.422834,5.407659
6.428459,0.000000,6.428459,5.436766
6.434084,0.000000,6.434084,5.915573
6.439709,0.000000,6.439709,4.850240
6.445334,0.000000,6.445334,5.435730
6.450959,0.000000,6.450959,5.824666
6.456584,0.000000,6.456584,5.422512
6.462209,0.000000,6.462209,4.896902
6.467835,0.000000,6.467835,5.011893
6.473460,0.000000,6.473460,5.824989
6.479085,0.000000,6.479085,5.593183
6.484710,0.000000,6.484710,5.654503
6.490335,0.000000,6.490335,5.448444
6.495960,0.000000,6.495960,5.057507
6.501585,0.000000,6.501585,4.981707
6.507210,0.000000,6.507210,5.499372
6.512835,0.000000,6.512835,5.153541
6.518461,0.000000,6.518461,4.827238
6.524086,0.000000,6.524086,4.493653
6.529711,0.000000,6.529711,5.825274
6.535336,0.000000,6.535336,6.219132
6.540961,0.000000,6.540961,5.598958
6.546586,0.000000,6.546586,5.056067
6.552211,0.000000,6.552211,4.996971
6.557836,0.000000,6.557836,4.888028
6.563461,0.000000,6.563461,5.517261
6.569087,0.000000,6.569087,5.588181
6.574712,0.000000,6.574712,5.570274
6.580337,0.000000,6.580337,5.439633
6.585962,0.000000,6.585962,4.921721
6.591587,0.000000,6.591587,5.608432
6.597212,0.000000,6.597212,5.715213
6.602837,0.000000,6.602837,5.214274
6.608462,0.000000,6.608462,5.089473
6.614087,0.000000,6.614087,4.904102
6.619713,0.000000,6.619713,4.636141
6.625338,0.000000,6.625338,5.011929
6.630963,0.000000,6.630963,5.490741
6.636588,0.000000,6.636588,5.821043
6.642213,0.000000,6.642213,5.276942
6.647838,0.000000,6.647838,5.330915
6.653463,0.000000,6.653463,5.925529
6.659088,0.000000,6.659088,5.341770
6.664713,0.000000,6.664713,4.860755
6.670338,0.000000,6.670338,5.513337
6.675964,0.000000,6.675964,5.556807
6.681589,0.000000,6.681589,4.937102
6.687214,0.000000,6.687214,4.527100
6.692839,0.000000,6.692839,4.901850
6.698464,0.000000,6.698464,4.931277
6.704089,0.000000,6.704089,5.214139
6.709714,0.000000,6.709714,5.643451
6.715339,0.000000,6.715339,5.460919
6.720964,0.000000,6.720964,5.393253
6.726590,0.000000,6.726590,5.094556
6.732215,0.000000,6.732215,4.707642
6.737840,0.000000,6.737840,4.890576
6.743465,0.000000,6.743465,5.477049
6.749090,0.000000,6.749090,4.951115
6.754715,0.000000,6.754715,5.366589
6.760340,0.000000,6.760340,5.642244
6.765965,0.000000,6.765965,5.216007
6.771590,0.000000,6.771590,5.214462
6.777216,0.000000,6.777216,5.760361
6.782841,0.000000,6.782841,6.327823
6.788466,0.000000,6.788466,5.176003
6.794091,0.000000,6.794091,5.336744
6.799716,0.000000,6.799716,6.306345
6.805341,0.000000,6.805341,6.125412
6.810966,0.000000,6.810966,5.829549
6.816591,0.000000,6.816591,6.230270
6.822216,0.000000,6.822216,5.599374
6.827841,0.000000,6.827841,5.143281
6.833467,0.000000,6.833467,4.489142
6.839092,0.000000,6.839092,4.833255
6.844717,0.000000,6.844717,5.793940
6.850342,0.000000,6.850342,5.462935
6.855967,0.000000,6.855967,5.291131
6.861592,0.000000,6.861592,5.588457
6.867217,0.000000,6.867217,5.881131
6.872842,0.000000,6.872842,5.379241
6.878467,0.000000,6.878467,5.706674
6.884093,0.000000,6.884093,6.394010
6.889718,0.000000,6.889718,5.837975
6.895343,0.000000,6.895343,5.469911
6.900968,0.000000,6.900968,5.206134
6.906593,0.000000,6.906593,5.309606
6.912218,0.000000,6.912218,5.157686
6.917843,0.000000,6.917843,4.768585
6.923468,0.000000,6.923468,4.923376
6.929093,0.000000,6.929093,5.701284
6.934719,0.000000,6.934719,5.616623
6.940344,0.000000,6.940344,5.378633
6.945969,0.000000,6.945969,5.304764
6.951594,0.000000,6.951594,4.909943
6.957219,0.000000,6.957219,4.903731
6.962844,0.000000,6.962844,4.821260
6.968469,0.000000,6.968469,4.130147
6.974094,0.000000,6.974094,4.263610
6.979719,0.000000,6.979719,4.367927
6.985345,0.000000,6.985345,4.899357
6.990970,0.000000,6.990970,5.212740
6.996595,0.000000,6.996595,5.545094
7.002220,0.000000,7.002220,5.876265
7.007845,0.000000,7.007845,5.797112
7.013470,0.000000,7.013470,5.940776
7.019095,0.000000,7.019095,5.015147
7.024720,0.000000,7.024720,4.253258
7.030345,0.000000,7.030345,4.042209
7.035970,0.000000,7.035970,4.807173
7.041596,0.000000,7.041596,5.057850
7.047221,0.000000,7.047221,4.830831
7.052846,0.000000,7.052846,4.684980
7.058471,0.000000,7.058471,4.305681
7.064096,0.000000,7.064096,4.423840
7.069721,0.000000,7.069721,4.385485
7.075346,0.000000,7.075346,4.233328
7.080971,0.000000,7.080971,4.924911
7.086596,0.000000,7.086596,5.251310
7.092222,0.000000,7.092222,5.973557
7.097847,0.000000,7.097847,6.947295
7.103472,0.000000,7.103472,6.849766
7.109097,0.000000,7.109097,7.267408
7.114722,0.000000,7.114722,5.143851
7.120347,0.000000,7.120347,4.957408
7.125972,0.000000,7.125972,5.702324
7.131597,0.000000,7.131597,5.241257
7.137222,0.000000,7.137222,5.298459
7.142848,0.000000,7.142848,5.104493
7.148473,0.000000,7.148473,5.514345
7.154098,0.000000,7.154098,5.598017
7.159723,0.000000,7.159723,4.484778
7.165348,0.000000,7.165348,4.175364
7.170973,0.000000,7.170973,4.630937
7.176598,0.000000,7.176598,5.134030
7.182223,0.000000,7.182223,4.331649
7.187848,0.000000,7.187848,5.500174
7.193473,0.000000,7.193473,6.030636
7.199099,0.000000,7.199099,4.052262
7.204724,0.000000,7.204724,3.956003
7.210349,0.000000,7.210349,5.603250
7.215974,0.000000,7.215974,5.509877
7.221599,0.000000,7.221599,4.788028
7.227224,0.000000,7.227224,5.622759
7.232849,0.000000,7.232849,5.763174
7.238474,0.000000,7.238474,5.146510
7.244099,0.000000,7.244099,4.548967
7.249725,0.000000,7.249725,5.338467
7.255350,0.000000,7.255350,6.957321
7.260975,0.000000,7.260975,4.437283
7.266600,0.000000,7.266600,4.741138
7.272225,0.000000,7.272225,5.796259
7.277850,0.000000,7.277850,6.546712
7.283475,0.000000,7.283475,4.358819
7.289100,0.000000,7.289100,2.769427
7.294725,0.000000,7.294725,4.585132
7.300351,0.000000,7.300351,2.735351
7.305976,0.000000,7.305976,3.632464
7.311601,0.000000,7.311601,6.461778
7.317226,0.000000,7.317226,6.438014
7.322851,0.000000,7.322851,5.412974
7.328476,0.000000,7.328476,4.263360
7.334101,0.000000,7.334101,5.615135
7.339726,0.000000,7.339726,4.285010
7.345351,0.000000,7.345351,3.089512
7.350977,0.000000,7.350977,2.858369
7.356602,0.000000,7.356602,4.535483
7.362227,0.000000,7.362227,2.730169
